1 35
1 160
1 170
1 387
1 478
1 521
3 190
3 518
3 531
4 447
5 160
5 232
5 585
5 601
6 258
6 527
7 3
7 24
7 35
7 80
7 135
7 160
7 190
7 215
7 258
7 518
7 531
8 431
8 707
9 601
10 460
11 137
11 208
12 151
12 184
12 258
12 527
12 552
12 603
13 166
13 197
13 258
13 391
13 527
13 636
13 638
13 665
14 101
14 235
15 553
16 434
16 468
16 644
18 20
19 350
19 516
19 564
20 18
20 69
20 71
20 113
20 137
20 160
20 174
20 187
20 233
20 295
20 470
20 504
20 533
20 539
20 547
20 593
20 614
20 629
20 662
20 663
21 55
21 135
21 160
22 53
22 80
22 101
22 137
22 228
22 255
22 345
22 387
22 547
23 76
23 156
23 271
23 554
23 574
23 580
24 1
24 7
24 24
24 31
24 35
24 43
24 55
24 80
24 101
24 119
24 135
24 137
24 151
24 154
24 160
24 192
24 215
24 258
24 345
24 391
24 527
24 531
24 547
24 614
25 566
25 661
27 177
27 434
27 460
27 468
27 539
27 568
27 644
28 341
29 69
29 97
30 258
30 314
30 509
30 527
31 24
32 20
32 34
32 35
32 71
32 137
32 396
32 593
33 311
33 322
33 460
33 461
33 468
33 612
33 644
34 32
34 137
34 547
34 593
35 1
35 7
35 24
35 32
35 43
35 55
35 71
35 80
35 92
35 99
35 107
35 119
35 122
35 133
35 135
35 137
35 154
35 160
35 170
35 190
35 192
35 211
35 239
35 258
35 300
35 337
35 341
35 345
35 359
35 387
35 407
35 478
35 518
35 521
35 527
35 531
35 547
35 554
35 624
35 627
36 95
36 656
37 160
37 232
37 345
37 396
37 585
37 601
38 531
39 434
39 468
39 568
39 644
40 396
40 601
41 465
41 593
43 1
43 24
43 35
43 55
43 71
43 80
43 119
43 122
43 133
43 135
43 137
43 151
43 154
43 160
43 210
43 258
43 300
43 337
43 341
43 345
43 387
43 407
43 521
43 527
43 531
43 547
43 554
43 585
43 601
43 627
44 69
44 544
44 674
44 690
45 233
46 80
46 101
46 137
46 228
46 681
47 493
48 415
48 423
49 102
49 407
50 78
50 232
50 585
51 81
51 267
51 486
51 494
51 562
51 574
51 606
52 491
52 574
53 80
53 137
54 572
54 610
54 626
55 21
55 24
55 35
55 43
55 135
55 151
55 154
55 160
55 258
55 341
55 345
55 527
55 531
55 601
56 71
57 258
57 527
57 683
58 80
59 593
60 137
60 189
60 231
61 337
62 80
63 300
63 359
63 558
64 97
64 125
64 126
64 194
64 315
64 586
64 690
65 146
65 604
65 661
67 337
68 601
69 20
69 29
69 44
69 71
69 97
69 106
69 108
69 110
69 111
69 112
69 117
69 118
69 125
69 126
69 132
69 147
69 161
69 167
69 172
69 173
69 174
69 194
69 201
69 203
69 204
69 210
69 212
69 218
69 229
69 236
69 239
69 257
69 269
69 276
69 300
69 302
69 315
69 341
69 344
69 347
69 360
69 377
69 378
69 382
69 389
69 394
69 433
69 439
69 441
69 449
69 468
69 470
69 501
69 539
69 544
69 546
69 553
69 554
69 556
69 579
69 586
69 592
69 593
69 599
69 601
69 614
69 617
69 642
69 643
69 644
69 656
69 663
69 684
69 689
69 690
69 691
69 694
69 696
69 698
69 699
69 701
69 704
69 706
69 709
69 710
69 711
69 717
70 89
70 92
70 102
70 210
70 261
70 284
70 299
70 339
70 341
70 353
70 356
70 364
70 374
70 407
70 423
70 532
70 537
70 539
70 554
70 561
70 624
70 640
70 644
71 20
71 32
71 35
71 43
71 56
71 69
71 80
71 92
71 97
71 101
71 103
71 118
71 119
71 121
71 126
71 133
71 137
71 154
71 156
71 160
71 172
71 177
71 195
71 199
71 210
71 211
71 239
71 258
71 262
71 267
71 281
71 299
71 300
71 309
71 315
71 323
71 337
71 341
71 345
71 359
71 383
71 384
71 387
71 394
71 407
71 427
71 434
71 448
71 468
71 477
71 480
71 481
71 493
71 498
71 501
71 515
71 516
71 523
71 527
71 539
71 543
71 544
71 554
71 563
71 579
71 593
71 602
71 614
71 624
71 632
71 644
71 646
71 659
71 664
71 666
71 669
71 680
71 698
72 267
73 89
74 80
74 101
74 114
74 122
74 137
74 160
74 186
74 228
74 245
74 337
74 383
74 387
74 495
74 547
74 554
75 390
75 422
76 23
76 156
77 134
77 543
78 50
78 160
78 232
78 305
78 396
78 547
78 585
78 601
78 715
79 478
80 7
80 22
80 24
80 35
80 43
80 53
80 58
80 60
80 62
80 71
80 74
80 99
80 101
80 114
80 119
80 122
80 133
80 137
80 144
80 151
80 154
80 160
80 186
80 228
80 231
80 245
80 248
80 251
80 255
80 258
80 259
80 300
80 337
80 345
80 363
80 383
80 387
80 426
80 468
80 495
80 502
80 510
80 525
80 527
80 531
80 539
80 547
80 554
80 601
80 614
80 627
80 647
81 51
81 92
81 267
81 492
81 554
81 572
81 574
81 606
81 626
82 126
83 307
83 470
83 484
84 315
85 351
85 635
86 145
86 267
86 392
86 476
86 479
86 488
86 491
86 494
87 392
88 104
88 162
88 707
89 70
89 73
89 284
89 399
89 423
89 532
90 160
90 585
90 601
91 337
92 35
92 70
92 71
92 81
92 156
92 160
92 210
92 258
92 267
92 284
92 341
92 353
92 407
92 554
92 574
92 624
93 601
94 407
95 36
95 370
95 656
96 133
97 29
97 64
97 69
97 71
97 105
97 106
97 118
97 125
97 126
97 132
97 147
97 161
97 173
97 191
97 194
97 195
97 203
97 204
97 210
97 218
97 229
97 236
97 257
97 265
97 267
97 276
97 302
97 304
97 315
97 324
97 341
97 344
97 347
97 360
97 377
97 378
97 379
97 381
97 382
97 419
97 439
97 441
97 449
97 468
97 477
97 493
97 539
97 543
97 544
97 546
97 553
97 554
97 556
97 579
97 584
97 592
97 617
97 631
97 642
97 643
97 663
97 684
97 689
97 690
97 691
97 692
97 698
97 699
97 700
97 701
97 704
97 706
97 710
97 711
97 716
98 407
99 35
99 80
99 114
99 122
99 154
99 160
99 170
99 186
99 383
99 387
99 521
99 547
99 628
101 14
101 22
101 24
101 46
101 71
101 74
101 80
101 107
101 133
101 137
101 140
101 160
101 180
101 228
101 235
101 242
101 243
101 250
101 252
101 255
101 272
101 337
101 383
101 426
101 472
101 474
101 516
101 554
101 597
101 678
102 49
102 70
102 109
102 159
102 182
102 210
102 234
102 313
102 407
102 468
102 539
102 554
102 575
102 644
102 687
102 713
103 71
103 121
104 88
104 593
105 97
105 586
106 69
106 97
106 112
106 118
106 126
106 147
106 194
106 204
106 210
106 218
106 315
106 344
106 360
106 433
106 444
106 544
106 546
106 553
106 579
106 586
106 592
106 617
106 631
106 663
106 690
106 698
107 101
107 128
107 133
108 69
108 126
108 147
108 204
108 210
108 439
108 539
108 544
108 586
108 592
108 684
108 689
108 698
108 709
108 710
109 102
109 407
110 69
110 546
110 550
111 69
111 201
111 556
112 69
112 106
112 111
113 20
114 74
114 80
114 99
114 122
114 383
115 117
116 478
117 69
117 115
117 177
117 207
117 210
117 325
117 343
117 346
117 411
117 434
117 468
117 501
117 526
117 539
117 544
117 588
117 667
118 69
118 71
118 97
118 106
118 125
118 126
118 132
118 161
118 194
118 203
118 210
118 218
118 302
118 315
118 344
118 347
118 360
118 375
118 377
118 433
118 434
118 439
118 441
118 539
118 544
118 546
118 553
118 556
118 579
118 586
118 592
118 617
118 631
118 643
118 663
118 689
118 690
118 694
118 700
118 716
118 717
119 24
119 35
119 43
119 71
119 80
119 133
119 137
119 151
119 154
119 160
119 300
119 341
119 345
119 383
119 387
119 402
119 527
119 554
119 627
119 628
119 644
120 299
120 424
121 71
121 103
121 205
121 211
121 315
121 341
121 365
121 384
121 390
121 442
121 516
121 554
121 602
121 624
122 35
122 74
122 80
122 99
122 114
122 151
122 154
122 160
122 186
122 228
122 345
122 383
122 387
122 547
122 627
122 628
123 656
124 407
125 64
125 69
125 97
125 118
125 126
125 147
125 161
125 173
125 194
125 203
125 204
125 210
125 218
125 302
125 315
125 344
125 360
125 433
125 439
125 441
125 544
125 553
125 579
125 586
125 592
125 617
125 631
125 663
125 698
125 716
125 717
126 64
126 69
126 71
126 82
126 97
126 106
126 108
126 118
126 125
126 132
126 147
126 161
126 194
126 203
126 204
126 210
126 302
126 315
126 344
126 347
126 360
126 375
126 377
126 439
126 441
126 544
126 553
126 554
126 586
126 592
126 617
126 642
126 663
126 689
126 690
126 695
126 699
126 704
127 668
128 107
128 133
129 320
129 424
129 624
130 407
131 407
132 69
132 97
132 118
132 126
132 147
132 173
132 546
132 586
132 690
132 698
133 35
133 43
133 71
133 80
133 96
133 101
133 107
133 119
133 128
133 137
133 151
133 154
133 160
133 210
133 258
133 275
133 300
133 337
133 341
133 345
133 387
133 474
133 516
133 519
133 527
133 554
133 567
133 593
133 719
134 77
134 195
134 437
134 505
134 543
134 646
134 676
135 7
135 21
135 24
135 35
135 43
135 55
135 138
135 151
135 154
135 160
135 258
135 277
135 345
135 371
135 391
135 527
135 531
135 547
135 601
136 300
136 359
136 649
137 11
137 20
137 22
137 24
137 32
137 34
137 35
137 43
137 46
137 60
137 71
137 74
137 80
137 101
137 119
137 133
137 151
137 160
137 174
137 180
137 186
137 189
137 210
137 228
137 231
137 243
137 244
137 246
137 247
137 255
137 258
137 300
137 337
137 341
137 345
137 359
137 363
137 383
137 387
137 472
137 495
137 525
137 527
137 539
137 547
137 554
137 581
137 593
137 644
137 678
138 135
138 345
139 407
140 101
140 180
141 315
142 156
143 195
144 473
145 86
145 267
146 65
146 400
146 604
147 69
147 97
147 106
147 108
147 125
147 126
147 132
147 177
147 194
147 203
147 204
147 206
147 210
147 218
147 233
147 377
147 433
147 439
147 468
147 536
147 539
147 544
147 546
147 550
147 553
147 592
147 617
147 623
147 631
147 644
147 689
147 690
147 698
148 543
149 262
149 315
150 418
150 656
151 12
151 24
151 43
151 55
151 80
151 119
151 122
151 133
151 135
151 137
151 154
151 160
151 166
151 184
151 239
151 258
151 267
151 300
151 345
151 359
151 383
151 391
151 407
151 527
151 603
152 101
153 236
153 260
153 360
153 553
154 1
154 24
154 35
154 43
154 55
154 71
154 80
154 99
154 119
154 122
154 133
154 135
154 151
154 160
154 192
154 258
154 300
154 337
154 341
154 345
154 359
154 368
154 387
154 407
154 478
154 527
154 531
154 585
154 627
155 407
156 23
156 71
156 76
156 92
156 142
156 210
156 267
156 271
156 321
156 341
156 434
156 468
156 554
156 574
156 624
156 661
157 416
157 478
157 507
158 572
159 102
159 388
159 407
159 554
159 713
160 1
160 5
160 7
160 20
160 21
160 24
160 35
160 37
160 43
160 55
160 71
160 74
160 78
160 80
160 90
160 92
160 99
160 101
160 107
160 119
160 122
160 133
160 135
160 137
160 151
160 154
160 174
160 192
160 195
160 210
160 239
160 258
160 300
160 337
160 341
160 345
160 359
160 368
160 380
160 383
160 387
160 396
160 402
160 407
160 416
160 470
160 478
160 518
160 527
160 531
160 539
160 543
160 554
160 559
160 585
160 601
160 624
160 627
160 719
161 69
161 97
161 118
161 125
161 126
161 439
161 544
161 698
162 88
163 396
164 184
164 258
164 527
164 552
164 603
165 258
165 391
165 638
166 13
166 151
166 197
166 258
166 391
166 508
166 509
166 527
166 638
167 69
167 553
168 202
168 273
168 614
169 429
169 593
170 99
170 345
170 387
170 547
171 177
171 460
171 468
171 539
171 544
171 568
172 69
172 71
172 394
172 546
172 682
173 69
173 97
173 106
173 125
173 132
173 194
173 203
173 204
173 210
173 218
173 302
173 315
173 347
173 394
173 433
173 439
173 544
173 546
173 579
173 586
173 592
173 617
173 631
173 642
173 689
173 690
173 691
174 20
174 69
174 137
174 160
174 300
174 307
174 396
174 469
174 470
174 547
174 578
174 593
174 663
175 203
176 177
176 435
177 27
177 71
177 117
177 147
177 171
177 176
177 206
177 210
177 214
177 240
177 253
177 285
177 306
177 316
177 318
177 322
177 341
177 347
177 405
177 407
177 421
177 434
177 460
177 468
177 501
177 536
177 539
177 544
177 554
177 568
177 591
177 592
177 613
177 623
177 624
177 630
177 644
177 690
178 434
178 468
178 568
178 644
179 288
179 402
180 101
180 137
180 140
180 235
180 242
180 243
181 307
181 653
181 682
182 102
182 407
183 239
184 151
184 164
184 258
184 527
184 552
184 603
184 638
185 634
186 11
186 74
186 80
186 99
186 122
186 137
186 345
186 495
187 20
188 264
188 300
188 387
188 483
188 499
188 547
188 637
189 60
189 137
190 3
190 7
190 35
190 258
190 531
191 97
192 24
192 35
192 160
192 258
193 644
194 64
194 69
194 97
194 106
194 118
194 125
194 126
194 147
194 173
194 201
194 203
194 204
194 210
194 315
194 344
194 347
194 360
194 394
194 433
194 441
194 544
194 553
194 556
194 579
194 584
194 586
194 592
194 617
194 631
194 690
194 691
194 694
194 698
194 700
194 706
194 716
194 717
195 71
195 97
195 134
195 143
195 160
195 210
195 225
195 341
195 437
195 441
195 539
195 543
195 554
195 570
195 624
195 680
196 402
197 13
197 166
197 258
197 391
197 508
197 509
197 527
197 636
197 638
197 665
198 527
199 71
199 211
199 341
199 554
200 294
200 361
200 390
200 409
200 516
200 564
200 600
201 69
201 111
201 194
201 212
201 544
201 556
201 656
201 690
202 168
202 273
202 524
202 614
203 69
203 97
203 118
203 125
203 126
203 147
203 173
203 175
203 194
203 204
203 210
203 302
203 544
203 553
203 586
203 592
203 617
203 642
203 690
203 698
204 69
204 97
204 106
204 108
204 125
204 126
204 147
204 173
204 194
204 203
204 210
204 218
204 265
204 302
204 315
204 344
204 347
204 360
204 441
204 546
204 553
204 579
204 586
204 592
204 617
204 689
204 690
204 698
205 121
206 147
206 177
206 210
206 240
206 316
206 322
206 460
206 536
206 539
206 544
206 554
206 568
206 644
207 117
207 539
208 11
208 678
209 434
209 458
209 468
209 568
209 644
209 673
210 43
210 69
210 70
210 71
210 92
210 97
210 102
210 106
210 108
210 117
210 118
210 125
210 126
210 133
210 137
210 147
210 156
210 160
210 173
210 177
210 194
210 195
210 203
210 204
210 206
210 211
210 218
210 267
210 299
210 302
210 315
210 322
210 337
210 341
210 344
210 347
210 407
210 419
210 433
210 434
210 439
210 441
210 460
210 468
210 477
210 493
210 516
210 536
210 539
210 543
210 544
210 546
210 553
210 554
210 556
210 574
210 579
210 584
210 592
210 614
210 617
210 624
210 631
210 642
210 643
210 644
210 663
210 689
210 690
210 691
210 698
210 710
210 716
211 35
211 71
211 199
211 210
211 299
211 341
211 357
211 428
211 477
211 515
211 547
211 554
211 624
211 666
212 69
212 201
213 599
214 177
214 434
214 460
214 468
214 568
215 7
215 24
215 258
215 531
215 590
216 527
217 543
218 69
218 97
218 106
218 118
218 125
218 147
218 173
218 204
218 210
218 304
218 306
218 439
218 539
218 544
218 546
218 556
218 592
218 617
218 631
218 689
218 710
219 434
219 468
219 644
220 265
220 439
220 689
220 698
221 299
221 320
222 45
224 240
225 195
225 543
226 299
226 624
226 641
227 656
228 22
228 46
228 74
228 80
228 101
228 122
228 137
228 383
228 426
228 554
228 605
228 681
229 69
229 97
229 586
229 690
230 553
231 60
231 80
231 137
232 5
232 37
232 50
232 78
232 293
232 345
232 396
232 585
232 601
233 20
233 45
233 147
233 304
233 465
233 470
233 546
233 578
233 593
233 608
233 656
233 682
234 102
234 407
234 496
235 14
235 101
235 180
235 250
235 272
236 69
236 97
236 153
236 553
237 341
237 392
239 35
239 69
239 71
239 151
239 160
239 183
239 258
239 267
239 290
239 300
239 337
239 345
239 359
239 387
239 393
239 478
239 512
239 527
239 529
239 538
239 649
239 663
240 177
240 206
240 224
240 406
240 434
240 455
240 460
240 468
240 625
241 468
241 644
242 101
242 180
243 101
243 137
243 180
244 34
244 137
244 247
245 74
245 80
246 137
246 247
246 581
247 137
247 244
247 246
247 581
248 80
248 383
249 472
250 101
250 235
251 80
252 101
252 383
253 177
253 434
253 462
253 468
253 644
254 300
254 558
255 22
255 80
255 101
255 137
255 256
255 647
256 255
256 647
257 69
257 97
257 544
258 6
258 7
258 12
258 13
258 24
258 30
258 35
258 43
258 55
258 57
258 71
258 80
258 92
258 107
258 133
258 135
258 137
258 151
258 154
258 160
258 164
258 165
258 166
258 184
258 190
258 192
258 197
258 215
258 239
258 267
258 300
258 341
258 345
258 359
258 380
258 387
258 391
258 407
258 478
258 518
258 527
258 531
258 547
258 554
258 590
258 593
258 601
258 603
258 638
258 683
258 708
259 58
260 153
260 360
261 70
261 284
261 341
261 476
261 477
261 491
261 574
262 71
262 149
262 315
262 362
263 544
264 300
264 637
265 97
265 204
265 220
265 544
265 586
265 689
265 717
266 337
267 51
267 71
267 72
267 81
267 86
267 92
267 97
267 145
267 151
267 156
267 210
267 258
267 271
267 300
267 341
267 388
267 392
267 468
267 476
267 479
267 488
267 489
267 491
267 494
267 527
267 539
267 554
267 565
267 571
267 574
267 609
267 611
267 624
267 644
267 661
268 487
269 69
270 544
271 23
271 156
271 267
271 574
272 101
272 152
272 235
273 168
273 614
274 647
275 133
276 69
276 97
276 439
277 135
278 501
278 539
279 395
279 516
279 639
280 341
281 71
281 554
281 666
283 300
284 70
284 89
284 92
284 261
284 341
284 399
284 407
284 423
284 494
284 532
284 554
285 177
285 434
285 460
285 468
285 568
285 644
286 397
287 566
287 661
288 179
288 402
289 402
290 239
291 682
292 337
293 232
293 601
293 712
294 200
294 409
294 600
295 20
295 331
295 629
297 601
299 70
299 71
299 120
299 210
299 211
299 221
299 226
299 320
299 394
299 407
299 424
299 468
299 543
299 554
299 624
299 634
299 641
300 35
300 43
300 63
300 69
300 71
300 80
300 119
300 133
300 136
300 137
300 151
300 154
300 160
300 174
300 188
300 239
300 254
300 258
300 267
300 283
300 337
300 341
300 345
300 359
300 380
300 387
300 397
300 407
300 416
300 467
300 478
300 483
300 499
300 527
300 529
300 554
300 558
300 593
300 601
300 637
300 649
300 688
301 390
302 69
302 97
302 118
302 125
302 126
302 173
302 203
302 204
302 210
302 315
302 344
302 439
302 544
302 579
302 586
302 689
302 690
302 698
302 700
302 717
303 387
304 97
304 218
304 233
304 306
304 307
304 431
304 456
304 470
304 484
304 539
304 593
304 614
304 673
304 707
305 78
305 396
305 585
305 601
306 177
306 218
306 304
306 434
306 460
306 468
306 539
306 544
306 568
306 682
307 83
307 174
307 181
307 304
307 348
307 447
307 465
307 470
307 506
307 539
307 578
307 593
307 682
308 460
309 71
310 644
311 33
311 322
312 493
312 515
313 102
313 407
314 30
315 64
315 69
315 71
315 84
315 97
315 106
315 118
315 121
315 125
315 126
315 141
315 149
315 173
315 194
315 204
315 210
315 262
315 302
315 344
315 347
315 362
315 373
315 382
315 394
315 433
315 439
315 441
315 468
315 516
315 544
315 553
315 554
315 579
315 582
315 586
315 592
315 617
315 631
315 680
315 689
315 690
315 698
315 701
315 704
315 714
315 716
315 717
316 177
316 206
316 421
316 434
316 435
316 460
316 463
316 468
316 644
317 434
317 460
317 468
317 644
318 177
318 322
318 460
318 536
318 539
318 568
318 644
319 390
320 129
320 221
320 299
320 619
320 624
320 641
321 156
322 33
322 177
322 206
322 210
322 311
322 318
322 342
322 421
322 434
322 435
322 460
322 461
322 463
322 468
322 522
322 539
322 568
322 591
322 612
322 618
322 644
323 71
324 97
325 117
325 539
326 17
326 238
326 282
329 595
330 601
331 295
331 629
331 662
332 593
333 524
333 614
334 404
334 460
335 341
336 51
336 494
337 35
337 43
337 61
337 67
337 71
337 74
337 80
337 91
337 101
337 133
337 137
337 154
337 160
337 210
337 266
337 292
337 300
337 372
337 375
337 474
337 487
337 544
337 547
337 554
337 678
338 341
338 554
339 70
339 537
340 434
340 468
340 568
340 644
341 28
341 35
341 43
341 55
341 69
341 70
341 71
341 92
341 97
341 121
341 133
341 137
341 154
341 156
341 160
341 177
341 195
341 199
341 210
341 211
341 237
341 258
341 261
341 267
341 280
341 284
341 300
341 335
341 338
341 353
341 357
341 383
341 392
341 402
341 407
341 423
341 434
341 468
341 477
341 485
341 488
341 493
341 516
341 527
341 532
341 539
341 543
341 544
341 554
341 574
341 593
341 598
341 601
341 621
341 624
341 644
341 698
342 322
343 117
343 539
344 69
344 97
344 106
344 118
344 125
344 126
344 194
344 204
344 210
344 302
344 315
344 347
344 441
344 544
344 553
344 579
344 586
344 690
344 698
344 716
344 717
345 22
345 24
345 35
345 37
345 43
345 55
345 71
345 80
345 119
345 122
345 133
345 135
345 137
345 138
345 151
345 154
345 160
345 170
345 186
345 232
345 239
345 258
345 300
345 359
345 368
345 383
345 387
345 396
345 521
345 527
345 554
345 585
345 601
345 627
346 117
346 501
346 539
347 69
347 97
347 118
347 126
347 173
347 177
347 194
347 204
347 210
347 315
347 344
347 394
347 433
347 439
347 441
347 539
347 544
347 553
347 579
347 586
347 592
347 617
347 690
347 698
347 717
348 307
349 634
350 19
350 516
350 564
351 85
351 407
352 415
352 423
353 70
353 92
353 341
353 423
354 626
355 407
356 70
357 211
357 341
357 477
357 554
358 407
359 35
359 63
359 71
359 136
359 137
359 151
359 154
359 160
359 239
359 258
359 300
359 341
359 345
359 387
359 416
359 478
359 527
359 529
359 554
359 558
359 649
360 69
360 97
360 106
360 118
360 125
360 126
360 153
360 194
360 204
360 260
360 439
360 544
360 546
360 553
360 556
360 631
360 663
360 690
361 200
361 516
362 262
362 315
363 80
363 137
363 472
363 547
363 678
364 70
364 374
364 423
365 121
365 454
365 680
366 480
366 481
367 572
368 154
368 160
368 345
368 585
368 601
368 712
369 200
370 95
370 656
371 135
372 337
373 315
374 70
374 364
374 423
375 82
375 118
375 126
375 337
375 699
376 680
377 69
377 118
377 126
377 147
377 444
378 69
378 97
378 544
378 700
379 97
379 592
379 617
379 690
380 160
380 239
380 300
380 359
380 416
380 478
381 97
382 69
382 97
382 315
382 586
383 71
383 74
383 80
383 99
383 101
383 114
383 119
383 122
383 137
383 151
383 160
383 228
383 248
383 252
383 341
383 387
383 527
383 554
383 605
383 627
383 628
383 681
384 71
384 121
385 568
385 644
386 407
387 1
387 22
387 35
387 43
387 71
387 74
387 80
387 99
387 107
387 119
387 122
387 133
387 137
387 154
387 160
387 188
387 239
387 258
387 300
387 303
387 345
387 359
387 383
387 407
387 521
387 527
387 547
387 559
387 576
387 627
388 159
388 492
388 554
388 566
388 574
388 661
389 69
389 544
390 75
390 200
390 301
390 319
390 422
390 452
390 516
390 564
391 13
391 135
391 151
391 165
391 166
391 197
391 258
391 508
391 527
391 603
391 638
392 86
392 87
392 237
392 267
392 341
392 476
392 477
392 488
392 554
393 239
394 69
394 71
394 172
394 173
394 194
394 299
394 315
394 347
394 407
394 433
394 439
394 539
394 544
394 554
394 584
394 624
394 691
394 698
395 279
395 408
395 516
395 639
396 32
396 37
396 40
396 78
396 160
396 163
396 174
396 232
396 305
396 345
396 511
396 573
396 585
396 594
396 601
396 693
396 712
397 286
397 300
397 558
399 89
399 284
399 423
399 532
400 146
401 488
402 119
402 160
402 179
402 196
402 288
402 289
402 341
402 554
402 627
403 434
403 468
403 568
403 644
404 334
404 460
405 177
405 421
405 468
405 568
406 240
406 460
406 468
406 625
406 644
407 35
407 43
407 49
407 70
407 71
407 92
407 94
407 98
407 102
407 109
407 124
407 127
407 130
407 131
407 139
407 151
407 154
407 155
407 159
407 160
407 177
407 182
407 210
407 234
407 284
407 299
407 300
407 313
407 341
407 351
407 355
407 358
407 386
407 387
407 394
407 410
407 412
407 434
407 468
407 496
407 501
407 527
407 528
407 539
407 543
407 554
407 555
407 587
407 589
407 624
407 635
407 644
407 668
407 679
407 687
407 698
407 713
408 395
408 516
408 639
409 200
409 294
410 407
411 117
411 501
411 539
412 407
413 576
414 468
414 568
414 644
415 48
415 352
415 423
416 157
416 160
416 300
416 359
416 380
416 507
417 650
417 656
418 150
418 656
419 97
419 210
420 644
421 177
421 316
421 322
421 405
421 434
421 460
421 468
421 539
421 568
421 644
422 75
422 390
422 475
423 48
423 70
423 89
423 284
423 341
423 352
423 353
423 364
423 374
423 399
423 415
423 425
423 532
424 120
424 129
424 299
424 619
424 624
424 641
425 423
426 80
426 101
426 137
426 228
427 71
428 211
429 169
429 593
430 544
431 8
431 304
431 470
431 707
432 608
433 69
433 106
433 118
433 125
433 173
433 194
433 210
433 315
433 347
433 394
433 439
433 544
433 546
433 553
433 579
433 586
433 592
433 689
433 690
433 698
434 16
434 27
434 39
434 71
434 117
434 118
434 156
434 177
434 178
434 209
434 210
434 214
434 219
434 240
434 253
434 285
434 306
434 316
434 317
434 322
434 340
434 341
434 403
434 407
434 421
434 435
434 453
434 459
434 460
434 477
434 501
434 536
434 539
434 544
434 554
434 568
434 624
434 631
434 644
435 176
435 316
435 322
435 434
435 460
435 468
435 539
435 544
435 630
435 644
436 487
437 134
437 195
437 543
439 69
439 97
439 108
439 118
439 125
439 126
439 147
439 161
439 173
439 210
439 218
439 220
439 276
439 302
439 315
439 347
439 360
439 394
439 433
439 546
439 553
439 556
439 579
439 586
439 592
439 617
439 631
439 690
439 691
439 698
439 706
439 710
440 593
440 651
441 69
441 97
441 118
441 125
441 126
441 194
441 195
441 204
441 210
441 315
441 344
441 347
441 579
441 586
441 690
441 717
442 121
442 498
443 626
444 97
444 106
445 560
447 4
447 307
447 503
447 542
447 578
448 71
449 69
449 97
449 592
450 560
451 560
452 200
452 390
452 516
452 564
453 434
453 468
453 644
454 680
455 240
456 304
457 644
458 209
459 434
459 460
459 468
459 539
459 644
460 10
460 27
460 33
460 171
460 177
460 206
460 210
460 214
460 240
460 285
460 306
460 308
460 316
460 317
460 318
460 322
460 334
460 404
460 406
460 421
460 434
460 435
460 459
460 463
460 468
460 522
460 536
460 539
460 544
460 568
460 591
460 624
460 644
460 648
461 33
461 322
461 522
462 253
462 468
463 316
463 322
463 460
463 536
463 539
463 544
463 568
463 644
464 601
465 41
465 233
465 307
465 707
466 468
466 644
467 499
467 637
468 16
468 27
468 33
468 39
468 69
468 71
468 80
468 97
468 102
468 117
468 147
468 156
468 171
468 177
468 178
468 209
468 210
468 214
468 219
468 240
468 241
468 253
468 285
468 299
468 306
468 315
468 316
468 317
468 322
468 340
468 341
468 357
468 403
468 405
468 406
468 407
468 414
468 421
468 435
468 453
468 459
468 460
468 462
468 466
468 477
468 501
468 536
468 539
468 543
468 544
468 546
468 554
468 568
468 583
468 591
468 592
468 607
468 613
468 618
468 624
468 631
468 644
468 656
468 698
469 174
469 470
470 20
470 69
470 83
470 160
470 174
470 233
470 304
470 307
470 431
470 469
470 539
470 543
470 578
470 593
470 656
470 663
470 682
470 707
471 478
472 101
472 137
472 249
472 363
472 678
473 80
474 101
474 133
474 337
475 422
476 86
476 261
476 267
476 392
476 554
477 71
477 97
477 210
477 211
477 261
477 341
477 357
477 383
477 392
477 554
477 624
478 1
478 35
478 79
478 116
478 154
478 157
478 160
478 239
478 258
478 300
478 345
478 359
478 380
478 471
478 527
478 538
478 649
479 86
479 267
479 491
479 609
480 71
480 366
480 498
481 71
481 366
482 624
483 188
483 264
483 300
483 499
483 637
483 649
484 83
484 304
484 673
484 682
485 341
486 51
486 494
486 562
487 268
487 337
487 436
488 86
488 267
488 341
488 392
488 401
489 267
490 493
490 543
490 680
490 718
491 52
491 86
491 261
491 267
491 479
492 81
492 388
492 661
493 47
493 71
493 97
493 210
493 312
493 341
493 490
493 513
493 515
493 543
493 544
493 554
493 620
493 624
493 670
493 680
494 86
494 267
494 284
494 336
494 486
494 569
495 74
495 80
495 137
496 234
496 407
497 543
497 677
498 71
498 442
498 480
499 188
499 300
499 483
500 569
501 69
501 71
501 117
501 177
501 278
501 346
501 407
501 411
501 434
501 468
501 539
501 544
501 588
501 592
501 644
501 673
501 682
501 685
502 80
503 447
504 20
504 629
504 654
505 134
505 543
506 307
507 157
507 416
507 649
508 166
508 197
508 391
508 527
508 665
509 30
509 166
509 197
509 527
509 636
510 80
511 396
511 601
512 239
513 493
514 686
515 71
515 211
515 312
515 493
515 543
516 19
516 71
516 101
516 121
516 133
516 200
516 210
516 279
516 294
516 315
516 319
516 341
516 350
516 361
516 369
516 390
516 395
516 408
516 452
516 554
516 564
516 600
516 624
516 639
517 686
518 3
518 7
518 35
518 160
518 258
518 531
518 534
519 133
519 567
520 601
521 35
521 43
521 99
521 160
521 170
521 345
521 387
522 322
522 460
522 461
523 71
524 333
524 614
525 46
525 426
526 117
526 539
527 6
527 12
527 13
527 24
527 30
527 35
527 43
527 55
527 57
527 71
527 80
527 119
527 133
527 135
527 137
527 151
527 154
527 160
527 164
527 166
527 184
527 197
527 198
527 216
527 239
527 258
527 267
527 300
527 341
527 345
527 359
527 383
527 387
527 391
527 407
527 478
527 508
527 509
527 531
527 554
527 590
527 593
527 603
527 638
527 665
527 683
527 708
528 407
529 239
529 300
529 359
530 601
531 3
531 7
531 24
531 35
531 38
531 43
531 80
531 135
531 160
531 190
531 215
531 258
531 518
531 527
531 547
531 590
532 70
532 89
532 284
532 341
532 399
532 423
533 20
534 518
535 601
536 147
536 177
536 206
536 210
536 318
536 434
536 460
536 463
536 468
536 539
536 544
536 568
536 591
537 70
537 339
537 615
537 640
538 239
538 478
539 20
539 27
539 69
539 70
539 71
539 80
539 97
539 102
539 108
539 117
539 118
539 137
539 147
539 160
539 171
539 177
539 195
539 206
539 207
539 210
539 218
539 267
539 278
539 304
539 306
539 307
539 318
539 322
539 325
539 341
539 343
539 346
539 347
539 394
539 407
539 411
539 421
539 434
539 435
539 459
539 460
539 463
539 468
539 470
539 501
539 526
539 536
539 543
539 544
539 546
539 549
539 553
539 554
539 568
539 584
539 588
539 591
539 592
539 593
539 623
539 624
539 631
539 644
539 656
539 667
539 673
539 682
539 702
539 709
539 710
541 299
541 624
542 447
543 71
543 77
543 97
543 134
543 148
543 160
543 195
543 210
543 217
543 225
543 299
543 341
543 407
543 437
543 468
543 470
543 493
543 497
543 505
543 515
543 539
543 554
543 624
543 644
543 652
544 44
544 69
544 71
544 97
544 106
544 108
544 117
544 118
544 125
544 126
544 147
544 161
544 171
544 173
544 177
544 194
544 201
544 203
544 206
544 210
544 218
544 257
544 263
544 265
544 270
544 302
544 306
544 315
544 337
544 341
544 344
544 347
544 360
544 378
544 389
544 394
544 430
544 433
544 434
544 435
544 460
544 463
544 468
544 493
544 501
544 536
544 539
544 546
544 550
544 553
544 554
544 556
544 579
544 584
544 586
544 592
544 617
544 631
544 642
544 643
544 644
544 663
544 689
544 690
544 691
544 694
544 698
544 701
544 704
544 710
544 717
545 568
545 644
546 69
546 97
546 106
546 110
546 118
546 132
546 147
546 172
546 173
546 204
546 210
546 218
546 233
546 360
546 433
546 439
546 468
546 539
546 544
546 553
546 556
546 568
546 592
546 617
546 631
546 689
546 690
546 709
546 710
547 20
547 22
547 24
547 34
547 35
547 43
547 74
547 78
547 80
547 99
547 122
547 135
547 137
547 174
547 188
547 337
547 363
547 387
547 391
547 531
547 593
547 629
547 637
547 649
547 663
548 644
549 539
550 110
550 147
550 544
550 556
550 592
551 690
552 12
552 164
552 184
553 15
553 69
553 97
553 106
553 118
553 125
553 126
553 147
553 153
553 167
553 194
553 203
553 204
553 210
553 230
553 236
553 315
553 344
553 347
553 360
553 433
553 439
553 539
553 544
553 546
553 556
553 586
553 592
553 617
553 631
553 643
553 644
553 663
553 674
553 690
553 698
553 699
553 700
553 710
554 23
554 35
554 43
554 69
554 70
554 71
554 74
554 80
554 81
554 92
554 97
554 101
554 102
554 119
554 121
554 126
554 133
554 137
554 156
554 160
554 177
554 195
554 199
554 206
554 210
554 211
554 228
554 239
554 258
554 267
554 281
554 284
554 299
554 300
554 315
554 337
554 338
554 341
554 345
554 357
554 359
554 383
554 388
554 392
554 394
554 402
554 407
554 434
554 468
554 476
554 477
554 493
554 515
554 516
554 527
554 539
554 543
554 544
554 565
554 574
554 624
554 627
554 644
554 661
554 666
554 698
555 407
556 69
556 97
556 111
556 118
556 194
556 201
556 210
556 218
556 360
556 439
556 544
556 546
556 550
556 553
556 592
556 696
557 593
558 63
558 300
558 359
558 577
558 688
559 160
559 387
560 445
560 450
560 451
560 578
560 608
561 537
561 640
562 51
562 486
563 71
563 323
564 19
564 350
564 390
564 452
564 516
565 267
565 554
566 25
566 287
566 388
566 604
566 661
567 133
567 519
568 27
568 39
568 171
568 177
568 178
568 206
568 209
568 214
568 285
568 306
568 318
568 322
568 340
568 385
568 403
568 405
568 414
568 421
568 434
568 460
568 463
568 468
568 536
568 539
568 545
568 546
568 583
568 591
568 623
568 644
568 645
568 686
569 494
569 500
570 195
571 267
571 574
572 54
572 81
572 158
572 367
572 610
573 396
573 601
574 23
574 51
574 52
574 81
574 92
574 156
574 210
574 261
574 267
574 271
574 341
574 388
574 554
574 571
574 661
575 102
576 387
576 413
577 558
578 174
578 233
578 307
578 447
578 470
578 560
578 593
578 653
579 69
579 71
579 97
579 106
579 118
579 125
579 173
579 194
579 204
579 210
579 302
579 315
579 344
579 347
579 433
579 439
579 441
579 544
579 631
579 689
579 690
579 706
579 716
580 23
581 137
581 246
581 247
582 315
583 468
583 568
583 644
584 97
584 194
584 210
584 394
584 539
584 544
584 716
585 5
585 37
585 43
585 50
585 78
585 90
585 154
585 160
585 232
585 305
585 345
585 368
585 396
585 601
586 64
586 69
586 105
586 106
586 108
586 118
586 125
586 126
586 132
586 173
586 194
586 203
586 204
586 229
586 265
586 302
586 315
586 344
586 347
586 382
586 433
586 439
586 441
586 544
586 553
586 592
586 617
586 631
586 642
586 689
586 690
586 694
586 698
586 704
586 710
586 716
587 407
588 117
588 501
588 539
589 407
590 215
590 258
590 527
590 531
591 177
591 322
591 460
591 468
591 536
591 539
591 568
591 644
592 69
592 97
592 106
592 108
592 118
592 125
592 126
592 147
592 173
592 177
592 194
592 203
592 204
592 210
592 218
592 315
592 347
592 379
592 433
592 439
592 449
592 468
592 501
592 539
592 544
592 546
592 550
592 553
592 556
592 586
592 631
592 644
592 689
592 690
592 700
593 20
593 32
593 34
593 41
593 59
593 69
593 71
593 104
593 133
593 137
593 169
593 174
593 233
593 258
593 300
593 304
593 307
593 332
593 341
593 429
593 440
593 470
593 527
593 539
593 547
593 557
593 578
593 601
593 608
593 614
593 616
593 651
593 663
594 396
594 601
596 601
597 152
598 341
599 69
599 213
600 200
600 294
600 390
601 5
601 9
601 20
601 37
601 40
601 43
601 55
601 68
601 69
601 78
601 80
601 90
601 93
601 135
601 160
601 232
601 258
601 293
601 297
601 300
601 305
601 330
601 341
601 345
601 368
601 391
601 396
601 464
601 511
601 520
601 530
601 535
601 573
601 585
601 593
601 594
601 596
601 644
601 693
601 712
601 715
602 71
602 121
602 515
603 12
603 151
603 164
603 184
603 258
603 391
603 527
604 65
604 146
604 566
604 661
605 228
605 383
606 51
606 81
607 468
608 233
608 432
608 560
608 593
609 267
609 479
610 54
610 572
610 626
611 267
612 33
612 322
613 177
613 468
613 644
614 20
614 24
614 69
614 71
614 80
614 168
614 202
614 210
614 273
614 333
614 470
614 524
614 593
614 614
614 675
615 537
616 593
617 69
617 97
617 106
617 118
617 125
617 126
617 147
617 173
617 194
617 203
617 204
617 210
617 218
617 315
617 347
617 379
617 439
617 544
617 546
617 553
617 586
617 689
617 698
617 710
618 322
618 468
619 320
619 424
619 624
620 493
620 513
621 341
623 147
623 177
623 539
623 568
623 644
623 682
624 35
624 70
624 71
624 92
624 121
624 129
624 156
624 160
624 177
624 195
624 210
624 211
624 226
624 267
624 299
624 320
624 341
624 357
624 394
624 407
624 424
624 434
624 460
624 468
624 477
624 482
624 493
624 516
624 539
624 541
624 543
624 554
624 619
624 634
624 641
624 644
625 240
625 406
626 54
626 81
626 354
626 443
626 610
626 640
627 35
627 43
627 80
627 119
627 122
627 154
627 160
627 345
627 383
627 387
627 402
627 554
628 99
628 119
628 122
628 383
629 20
629 295
629 331
629 504
629 547
629 654
630 177
630 435
631 97
631 106
631 118
631 125
631 147
631 173
631 194
631 210
631 218
631 315
631 360
631 434
631 439
631 468
631 539
631 544
631 546
631 553
631 579
631 586
631 592
631 643
631 663
631 689
631 698
631 710
632 71
633 644
634 185
634 299
634 349
634 624
634 641
635 85
635 407
636 13
636 197
636 509
636 638
637 188
637 300
637 499
637 547
637 649
638 12
638 13
638 165
638 166
638 197
638 258
638 391
638 527
638 636
638 665
639 279
639 395
639 408
639 516
640 70
640 537
640 626
641 226
641 299
641 320
641 424
641 624
641 634
642 69
642 97
642 126
642 173
642 203
642 210
642 544
642 586
642 690
642 698
643 69
643 97
643 118
643 210
643 544
643 553
643 631
644 16
644 27
644 33
644 39
644 69
644 70
644 71
644 102
644 119
644 137
644 147
644 177
644 178
644 193
644 206
644 209
644 210
644 211
644 219
644 240
644 241
644 253
644 267
644 285
644 299
644 310
644 316
644 317
644 318
644 322
644 340
644 341
644 385
644 403
644 406
644 407
644 414
644 420
644 421
644 434
644 435
644 453
644 457
644 459
644 460
644 463
644 466
644 468
644 477
644 501
644 539
644 543
644 544
644 545
644 548
644 553
644 554
644 568
644 583
644 591
644 592
644 601
644 613
644 623
644 624
644 633
644 645
644 686
644 703
645 568
645 644
646 71
646 134
647 80
647 255
647 256
647 274
648 460
649 136
649 239
649 300
649 359
649 478
649 483
649 507
649 547
649 637
649 712
650 417
650 656
651 440
651 593
652 543
653 181
653 578
654 504
654 629
655 656
656 36
656 69
656 95
656 123
656 150
656 201
656 227
656 233
656 370
656 417
656 418
656 468
656 470
656 539
656 650
656 655
656 657
656 658
656 660
657 656
658 656
659 71
660 656
660 672
661 25
661 65
661 156
661 267
661 287
661 388
661 492
661 554
661 566
661 574
661 604
662 20
662 331
663 2
663 20
663 69
663 97
663 106
663 118
663 125
663 126
663 174
663 210
663 223
663 239
663 298
663 326
663 329
663 360
663 470
663 544
663 547
663 553
663 593
663 631
663 699
663 705
664 71
665 13
665 197
665 508
665 527
665 638
666 71
666 211
666 281
666 554
666 670
667 117
667 539
668 127
668 407
669 71
670 493
670 666
672 660
673 209
673 304
673 484
673 501
673 539
673 682
674 44
674 553
676 134
677 497
678 101
678 137
678 208
678 337
678 363
679 407
680 71
680 195
680 315
680 365
680 376
680 454
680 490
680 493
680 697
680 718
681 46
681 228
681 383
682 172
682 181
682 233
682 291
682 304
682 306
682 307
682 470
682 484
682 501
682 539
682 623
682 673
682 707
683 57
683 258
683 527
684 69
684 97
684 108
685 501
686 514
686 517
686 568
686 644
687 102
687 407
688 254
688 300
688 397
689 69
689 97
689 108
689 118
689 126
689 147
689 173
689 204
689 210
689 218
689 220
689 265
689 302
689 315
689 433
689 544
689 546
689 579
689 586
689 592
689 617
689 631
689 690
689 698
689 710
690 64
690 69
690 97
690 106
690 118
690 126
690 132
690 147
690 173
690 177
690 194
690 201
690 203
690 204
690 210
690 229
690 302
690 315
690 344
690 347
690 360
690 379
690 433
690 439
690 441
690 544
690 546
690 551
690 553
690 579
690 586
690 592
690 642
690 689
690 691
690 698
690 700
690 704
690 706
690 717
691 69
691 97
691 173
691 194
691 210
691 394
691 439
691 544
691 690
691 698
692 97
693 396
693 601
694 69
694 97
694 118
694 194
694 544
694 586
695 126
696 69
696 556
697 680
698 69
698 71
698 97
698 106
698 108
698 125
698 132
698 147
698 161
698 173
698 194
698 203
698 204
698 210
698 220
698 302
698 315
698 341
698 344
698 347
698 394
698 407
698 433
698 439
698 468
698 544
698 553
698 554
698 586
698 617
698 631
698 642
698 689
698 690
698 691
698 700
698 706
698 710
698 717
699 69
699 97
699 126
699 375
699 553
699 663
700 97
700 118
700 194
700 302
700 378
700 553
700 592
700 690
700 698
701 69
701 97
701 315
701 544
702 539
703 644
704 69
704 97
704 126
704 315
704 544
704 586
704 690
706 69
706 97
706 439
706 579
706 690
706 698
707 8
707 88
707 304
707 431
707 465
707 470
707 682
708 258
708 527
709 69
709 108
709 539
709 546
710 69
710 97
710 108
710 210
710 218
710 439
710 539
710 544
710 546
710 553
710 586
710 617
710 631
710 689
710 698
711 69
711 97
712 293
712 368
712 396
712 601
712 649
712 715
713 102
713 159
713 407
714 315
715 78
715 601
715 712
716 97
716 118
716 125
716 194
716 210
716 315
716 344
716 579
716 584
716 586
717 69
717 118
717 125
717 194
717 265
717 302
717 315
717 344
717 347
717 441
717 544
717 690
717 698
718 490
718 680
719 133
