2 1 2.5
4 3 0.25
5 3 0.25
5 4 0.25
6 3 0.25
6 4 0.25
6 5 0.25
7 3 0.25
7 4 0.25
7 5 0.25
7 6 0.25
9 8 1
10 8 3.16667
11 8 1.16667
11 10 1.16667
12 8 0.666667
12 11 0.666667
12 10 0.666667
14 13 0.333333
15 13 0.333333
15 14 0.333333
16 13 0.333333
16 14 0.333333
16 15 0.333333
18 17 0.5
19 17 0.5
19 18 0.5
22 21 0.5
23 21 0.5
23 22 0.5
25 24 0.5
26 24 0.5
26 25 2.33333
29 28 0.5
30 28 0.5
30 29 0.5
32 31 0.5
33 31 0.5
33 32 0.5
34 31 3.58333
35 31 1.58333
35 34 4.225
37 36 0.2
38 36 0.2
38 37 0.2
39 36 0.2
39 37 0.2
39 38 0.2
40 36 0.2
40 37 0.2
40 38 0.2
40 39 0.2
41 36 0.2
41 37 0.2
41 38 0.2
41 39 0.2
41 40 0.2
44 43 1
46 45 0.5
47 45 0.5
47 46 0.5
49 48 0.333333
50 48 0.333333
50 49 0.333333
51 48 0.333333
51 49 0.333333
51 50 0.333333
52 34 0.75
53 52 0.25
53 34 0.25
54 52 0.25
54 53 0.25
54 34 1.85833
54 35 0.775
55 52 0.25
55 53 0.25
55 54 0.625
55 34 2.99167
55 35 1.15833
55 31 0.25
56 52 0.5
57 52 0.5
57 56 3.83333
58 52 1
59 52 1
59 58 1
61 60 0.5
62 60 0.5
62 61 0.5
64 63 0.47619
65 63 0.333333
65 64 0.333333
66 63 0.333333
66 64 0.333333
66 65 0.333333
68 67 0.5
69 67 0.5
69 68 0.5
71 70 0.833333
72 70 2.16667
72 71 0.833333
73 70 0.916667
73 71 0.333333
73 72 0.666667
75 74 0.333333
76 74 0.333333
76 75 0.333333
77 74 0.333333
77 75 0.333333
77 76 0.333333
79 78 0.333333
79 47 1
80 78 0.333333
80 79 0.333333
81 78 0.333333
81 79 0.333333
81 80 0.333333
83 82 0.5
84 82 0.5
84 83 0.5
86 85 0.5
87 85 0.5
87 86 0.5
89 88 2.5
91 56 1
93 92 0.5
94 92 0.5
94 93 0.5
96 95 0.5
97 95 2.66667
97 96 0.5
98 95 2.33333
98 96 0.5
98 97 2.33333
98 70 1.83333
99 95 0.5
99 96 0.5
99 97 0.5
99 98 0.5
100 95 0.5
100 97 0.5
100 98 0.5
101 95 0.25
101 100 1.25
101 97 0.25
101 98 0.25
104 103 0.5
105 103 0.5
105 104 0.5
107 106 0.5
108 106 0.5
108 107 0.5
110 109 1
113 112 1
115 114 1
118 117 1
120 119 1
122 121 1
122 79 1
124 123 0.5
125 123 0.5
125 124 0.5
128 127 0.7
129 127 0.5
129 128 0.75
131 130 1
132 34 1.33333
132 31 0.333333
132 35 0.333333
133 34 2.275
133 35 0.525
133 54 1.025
133 55 0.375
134 34 1.025
134 35 1.025
134 133 0.525
134 54 0.525
134 55 0.125
135 34 0.525
135 35 0.525
135 133 0.525
135 134 0.525
135 54 0.525
135 55 0.125
137 136 1
139 138 1
141 140 0.111111
142 140 0.111111
142 141 0.111111
143 140 0.111111
143 141 0.111111
143 142 0.111111
144 140 0.111111
144 141 0.111111
144 142 0.111111
144 143 0.111111
145 140 0.111111
145 141 0.111111
145 142 0.111111
145 143 0.111111
145 144 0.111111
146 140 0.111111
146 141 0.111111
146 142 0.111111
146 143 0.111111
146 144 0.111111
146 145 0.111111
147 140 0.111111
147 141 0.111111
147 142 0.111111
147 143 0.111111
147 144 0.111111
147 145 0.111111
147 146 0.111111
148 140 0.111111
148 141 0.111111
148 142 0.111111
148 143 0.111111
148 144 0.111111
148 145 0.111111
148 146 0.111111
148 147 0.111111
149 140 0.111111
149 141 0.111111
149 142 0.111111
149 143 0.111111
149 144 0.111111
149 145 0.111111
149 146 0.111111
149 147 0.111111
149 148 0.111111
150 72 1.16667
151 150 0.666667
151 72 0.666667
151 97 0.833333
151 95 0.333333
152 150 1.16667
152 72 1.16667
152 151 4.75
152 128 0.333333
153 150 1
155 154 1.33333
156 154 0.333333
156 155 0.333333
157 154 0.333333
157 155 0.333333
157 156 0.333333
158 72 0.5
159 72 0.5
159 158 0.5
162 161 1
164 163 1
166 165 1
168 167 1
171 170 0.5
172 170 0.5
172 171 0.5
174 173 0.5
175 173 1.5
175 174 0.5
177 176 0.5
178 176 0.5
178 177 0.5
181 180 1
182 180 1
182 181 1
184 183 1
185 56 0.5
185 57 0.5
186 185 0.5
187 185 0.5
187 186 0.5
189 188 1.5
190 188 0.5
190 189 0.5
191 34 0.583333
192 47 0.833333
193 192 0.333333
193 47 0.333333
194 192 0.333333
194 193 0.333333
194 47 0.333333
195 192 0.5
195 47 0.5
197 196 1.25
198 196 0.25
198 197 0.25
199 196 0.25
199 197 0.25
199 198 0.25
200 196 0.25
200 197 0.25
200 198 0.25
200 199 0.25
202 201 0.5
202 25 0.333333
202 26 0.333333
203 201 0.5
203 202 0.833333
203 25 0.333333
203 26 0.333333
204 132 1
207 206 1
209 208 0.5
210 208 0.5
210 209 0.5
212 211 0.5
213 211 0.5
213 212 0.5
215 214 0.5
216 214 0.5
216 215 0.5
217 49 0.333333
217 137 0.5
218 217 1.08333
218 49 0.333333
219 217 1.66667
219 218 1.08333
219 49 0.333333
220 217 0.5
220 219 0.25
221 217 1.5
221 220 0.5
221 219 0.25
222 217 0.25
222 220 0.583333
222 221 0.25
223 217 0.25
223 220 1.75
223 221 0.25
223 222 0.25
224 217 0.5
224 137 0.5
225 217 0.583333
225 221 0.25
225 220 0.25
225 219 0.583333
226 151 2.08333
226 97 0.333333
226 95 0.333333
226 152 0.75
228 227 1
230 229 1.33333
231 229 0.333333
231 230 0.333333
232 229 0.333333
232 230 0.333333
232 231 0.333333
235 234 0.5
236 234 0.5
236 235 0.5
236 73 1
239 238 1
241 240 1
242 240 1
244 243 1
246 245 3.5
247 245 1
248 245 1
250 249 0.5
251 249 0.5
251 250 0.5
252 218 0.25
252 217 0.25
252 219 0.25
253 218 0.25
253 217 0.5
253 252 0.25
253 219 0.25
256 255 1
257 255 0.5
257 256 0.5
260 259 1.33333
262 261 1
264 263 0.142857
265 263 0.142857
265 264 0.142857
266 263 0.142857
266 264 0.67619
266 265 0.142857
267 263 0.142857
267 264 0.67619
267 265 0.142857
267 266 0.92619
268 263 0.142857
268 264 0.142857
268 265 0.142857
268 266 0.142857
268 267 0.142857
269 263 0.142857
269 264 0.67619
269 265 0.142857
269 266 0.92619
269 267 0.92619
269 268 0.142857
270 263 0.142857
270 264 0.142857
270 265 0.142857
270 266 0.142857
270 267 0.142857
270 268 0.142857
270 269 0.142857
272 271 1
275 274 0.5
276 274 0.5
276 275 0.5
278 277 0.5
279 277 0.5
279 278 1
281 280 0.166667
282 280 0.166667
282 281 0.166667
282 79 1
282 151 1.83333
283 280 0.166667
283 281 0.166667
283 282 0.166667
284 280 0.166667
284 281 0.166667
284 282 3.16667
284 283 0.166667
285 280 0.166667
285 281 0.166667
285 282 0.166667
285 283 0.166667
285 284 0.166667
286 280 0.166667
286 281 0.166667
286 282 0.166667
286 283 0.166667
286 284 0.166667
286 285 0.166667
288 287 0.5
289 287 1
289 288 0.5
290 287 0.5
290 289 0.5
292 291 0.5
293 291 0.5
293 292 0.5
295 294 2.1
298 297 1
299 297 0.333333
300 297 0.333333
300 299 0.333333
301 297 1.33333
301 299 0.333333
301 300 0.333333
302 204 1.16667
302 151 0.5
302 152 0.5
302 163 0.25
303 302 1.33333
303 204 0.833333
304 302 0.333333
304 204 0.333333
304 303 0.333333
305 302 0.5
305 303 0.5
306 79 0.583333
307 306 0.25
307 79 0.25
308 306 0.25
308 307 0.25
308 79 0.25
308 266 0.25
308 267 0.25
308 269 0.25
309 306 0.583333
309 307 0.25
309 308 0.25
309 79 1.58333
310 306 0.333333
310 79 3.33333
310 309 2.33333
311 98 0.5
311 70 0.5
313 312 1
315 314 0.5
316 314 0.5
316 315 0.5
317 204 0.333333
317 302 0.583333
317 163 0.25
318 204 0.333333
318 317 0.333333
318 302 0.333333
320 319 1
322 321 0.833333
323 321 0.333333
323 322 0.333333
324 321 0.666667
324 322 0.333333
324 323 0.333333
325 321 0.333333
325 324 0.333333
326 321 0.333333
326 324 0.333333
326 325 0.333333
328 327 0.333333
328 31 0.333333
329 327 0.333333
329 328 1.16667
330 327 0.333333
330 328 0.333333
330 329 0.333333
331 152 0.5
332 331 0.5
332 152 0.5
334 333 0.333333
335 333 0.333333
335 334 0.333333
336 333 0.333333
336 334 0.333333
336 335 0.333333
338 337 1
340 339 0.333333
341 339 0.333333
341 340 0.333333
342 339 0.333333
342 340 1.33333
342 341 0.333333
344 343 0.5
344 222 0.333333
344 220 2.47619
345 343 0.5
345 344 0.5
346 253 0.25
346 217 0.583333
347 346 0.583333
347 253 0.25
347 217 0.916667
348 346 0.583333
348 347 0.583333
348 253 0.25
348 217 0.583333
350 349 0.2
351 349 0.2
351 350 0.2
352 349 0.2
352 350 0.2
352 351 0.2
353 349 0.2
353 350 0.2
353 351 0.2
353 352 0.2
354 349 0.2
354 350 0.2
354 351 0.2
354 352 0.2
354 353 0.2
356 355 0.5
357 355 0.5
357 356 0.5
359 358 0.833333
360 358 0.5
360 359 0.5
361 358 0.333333
361 359 0.333333
362 358 0.333333
362 361 0.333333
362 359 0.333333
363 63 0.2
364 363 1
365 363 0.5
366 363 0.5
366 365 0.5
368 367 0.5
369 367 0.5
369 368 0.5
370 25 0.5
370 26 0.5
371 79 0.5
372 371 0.5
372 79 2.5
372 310 0.5
374 373 0.5
375 373 0.5
375 374 0.5
376 34 0.25
377 376 1.91667
377 34 0.25
378 376 2.91667
378 377 1.91667
378 34 0.25
379 376 0.333333
379 377 0.333333
379 378 0.333333
381 380 0.5
382 380 0.5
382 381 0.5
384 383 0.5
385 383 0.5
385 384 0.5
387 386 0.142857
388 386 0.142857
388 387 0.142857
389 386 0.142857
389 387 0.142857
389 388 0.142857
390 386 0.142857
390 387 0.142857
390 388 0.142857
390 389 0.142857
391 386 0.142857
391 387 0.142857
391 388 0.142857
391 389 0.142857
391 390 0.142857
392 386 0.142857
392 387 0.142857
392 388 0.142857
392 389 0.142857
392 390 0.142857
392 391 0.142857
393 386 0.142857
393 387 0.142857
393 388 0.142857
393 389 0.142857
393 390 0.142857
393 391 0.142857
393 392 0.142857
395 394 0.333333
396 394 0.333333
396 395 0.333333
397 394 0.333333
397 395 0.333333
397 396 0.333333
399 398 0.333333
400 398 0.333333
400 399 0.333333
401 398 0.333333
401 399 0.333333
401 400 0.333333
402 278 0.166667
402 279 0.166667
403 402 0.166667
403 278 0.166667
403 279 0.166667
403 328 2.16667
403 329 0.333333
403 31 0.333333
404 402 0.166667
404 403 0.166667
404 278 0.5
404 279 0.5
405 402 0.166667
405 403 0.166667
405 278 0.166667
405 404 0.166667
405 279 0.166667
406 402 0.166667
406 403 0.166667
406 278 0.166667
406 404 0.166667
406 279 0.166667
406 405 0.166667
407 167 1
410 409 0.25
411 409 0.583333
411 410 0.25
412 409 0.25
412 410 0.25
412 411 0.25
413 409 0.583333
413 410 0.25
413 411 0.583333
413 412 0.25
414 409 0.333333
414 411 0.333333
414 413 0.333333
416 415 1
416 248 0.333333
417 403 0.833333
417 328 3.5
417 329 0.333333
418 403 1
418 328 1
420 419 1
422 320 1
424 423 0.5
425 423 0.5
425 424 0.5
427 426 0.5
428 426 0.5
428 427 0.5
429 47 1.33333
430 429 1
432 431 1
433 431 1
435 434 1
436 246 1
436 245 1
438 437 0.5
439 437 0.5
439 438 0.5
440 119 0.5
441 440 1
442 440 0.5
442 119 0.5
444 443 1
444 73 0.5
446 445 1
448 447 0.333333
449 447 0.333333
449 448 0.333333
450 447 0.333333
450 448 0.333333
450 449 0.333333
451 283 1
454 453 0.142857
455 453 0.142857
455 454 0.142857
456 453 0.142857
456 454 0.142857
456 455 0.142857
457 453 0.142857
457 454 0.142857
457 455 0.142857
457 456 0.142857
458 453 0.142857
458 454 0.142857
458 455 0.142857
458 456 0.142857
458 457 0.142857
459 453 0.142857
459 454 0.642857
459 455 0.142857
459 456 0.142857
459 457 0.142857
459 458 0.142857
460 453 0.142857
460 454 0.642857
460 455 0.142857
460 456 0.142857
460 457 0.142857
460 458 0.142857
460 459 0.642857
462 461 0.333333
463 461 0.333333
463 462 0.333333
464 461 0.333333
464 462 0.333333
464 463 0.333333
464 302 0.5
465 34 1
466 465 1.5
467 465 0.5
467 466 0.5
469 468 0.25
470 468 0.25
470 469 0.25
471 468 0.25
471 469 0.25
471 470 0.25
472 468 0.25
472 469 0.25
472 470 0.25
472 471 0.25
474 473 0.833333
474 223 0.5
474 220 0.5
475 473 0.5
475 474 0.5
477 476 1
478 476 0.5
479 476 0.5
479 478 0.5
481 480 0.333333
482 480 0.333333
482 481 0.333333
483 480 0.333333
483 481 0.333333
483 482 0.333333
485 484 1
486 34 1
488 487 1
489 34 0.333333
489 55 0.333333
490 489 0.333333
490 34 0.333333
490 55 0.333333
491 310 1.5
491 79 0.5
492 491 0.5
492 310 0.5
493 491 1
494 491 0.5
494 310 0.5
496 495 0.5
497 495 0.5
497 496 0.5
499 498 1
500 304 1
501 151 0.5
502 501 1
503 501 2.5
503 502 1
504 501 1.5
504 503 0.5
507 506 1
508 191 0.583333
508 34 0.583333
509 508 1.08333
509 191 0.583333
509 34 0.583333
510 508 0.75
510 509 0.75
510 191 0.25
510 34 0.25
513 512 1
514 246 0.5
514 245 0.5
516 515 0.833333
517 515 0.833333
517 516 2.33333
517 347 0.333333
517 217 0.333333
517 152 1.58333
517 151 1.08333
517 226 0.25
518 515 0.333333
518 516 0.333333
518 517 2.91667
518 152 2.25
518 151 1.58333
518 226 0.25
518 128 0.333333
518 153 1
520 519 1
522 521 1
523 77 1
524 523 0.25
525 523 0.25
525 524 0.25
526 523 0.25
526 524 0.25
526 525 0.25
527 523 0.25
527 524 0.25
527 525 0.25
527 526 0.25
528 523 2
530 529 1
532 531 0.533333
533 531 0.533333
533 532 0.533333
534 531 0.333333
534 532 0.333333
534 533 0.333333
536 535 1
539 538 0.5
540 538 0.833333
540 539 0.5
541 538 0.333333
542 538 0.333333
542 541 0.333333
543 538 0.333333
543 541 0.333333
543 542 0.333333
546 545 1
548 547 1
548 56 0.5
548 57 0.5
548 330 1.5
549 122 0.333333
550 549 0.333333
550 122 0.333333
551 549 0.333333
551 550 0.333333
551 122 1.83333
554 553 0.5
555 553 0.5
555 554 0.5
558 557 0.5
559 557 0.5
559 558 0.5
561 560 1
562 34 0.708333
562 54 0.708333
562 35 0.375
562 134 0.125
562 55 0.375
562 133 0.125
562 135 0.125
563 562 0.458333
563 34 0.458333
563 54 0.458333
563 35 0.125
563 134 0.125
563 55 0.125
563 133 0.125
563 135 0.125
564 83 1
565 564 0.333333
566 564 0.333333
566 565 0.333333
567 564 0.333333
567 565 0.333333
567 566 0.333333
568 190 2.33333
570 569 1
572 571 1
574 573 1
575 282 2.5
575 284 0.5
576 575 0.5
576 282 0.5
577 575 0.5
577 282 0.5
579 578 1
582 581 0.5
583 581 0.5
583 582 0.5
585 584 1
586 137 0.333333
587 586 0.333333
587 137 0.333333
588 586 0.333333
588 587 0.333333
588 137 1.83333
591 590 0.583333
591 308 1
592 590 0.583333
592 591 1.58333
593 590 0.333333
593 591 0.333333
593 592 0.333333
595 594 1
596 278 0.333333
596 404 0.333333
596 279 0.333333
597 328 0.5
597 417 0.5
597 47 1
599 598 1
601 600 1
604 603 1
607 276 0.333333
608 276 0.333333
608 607 0.333333
609 276 0.333333
609 607 0.333333
609 608 0.333333
610 46 0.833333
611 610 0.5
611 46 0.5
612 610 0.333333
612 46 0.333333
613 610 0.333333
613 46 0.333333
613 612 0.333333
616 615 1
618 617 1
620 619 0.5
621 619 0.5
621 620 0.5
623 622 1
625 624 1
627 626 0.333333
628 626 0.333333
628 627 0.333333
629 626 0.333333
629 627 0.333333
629 628 0.333333
631 630 0.5
632 630 0.5
632 631 1
632 338 0.2
634 633 1
637 636 0.5
638 636 0.5
638 637 0.5
639 163 0.25
639 317 0.25
639 302 0.75
639 464 0.5
640 639 0.25
640 163 0.25
640 317 0.25
640 302 0.25
641 639 1
642 79 1
644 643 1
647 79 2.5
649 648 1
651 190 0.333333
651 568 0.333333
652 651 0.333333
652 190 0.333333
652 568 0.333333
653 35 0.25
654 653 0.333333
655 653 2.08333
655 654 0.333333
655 35 1.25
655 56 0.333333
655 57 0.333333
656 653 2.08333
656 654 0.333333
656 655 2.08333
656 35 0.25
657 653 0.333333
657 655 0.333333
657 656 0.333333
658 653 0.583333
658 35 0.25
658 655 0.916667
658 656 0.583333
660 659 0.333333
661 659 0.333333
661 660 0.333333
662 659 0.333333
662 660 0.333333
662 661 0.333333
664 663 0.75
665 663 0.25
665 664 0.25
666 663 0.25
666 664 0.25
666 665 0.25
667 663 0.25
667 664 0.25
667 665 0.25
667 666 0.25
669 668 1
671 670 1
672 670 1
674 673 1
675 516 0.5
675 517 0.5
676 444 0.5
677 676 0.5
677 444 0.5
678 664 0.5
678 663 0.5
680 679 0.5
681 679 0.5
681 680 0.5
683 682 0.333333
684 682 0.333333
684 683 0.333333
685 682 0.333333
685 683 0.333333
685 684 0.333333
686 58 1
687 351 1
690 538 0.333333
690 540 0.333333
691 690 0.333333
691 538 0.333333
691 540 0.333333
693 343 1
695 694 0.2
696 694 0.2
696 695 0.2
697 694 0.2
697 695 0.2
697 696 0.2
698 694 1.2
698 695 0.2
698 696 0.2
698 697 0.2
698 220 0.142857
698 344 0.142857
699 694 0.2
699 695 0.2
699 696 0.2
699 697 0.2
699 698 0.2
700 446 1
701 97 0.333333
702 701 0.333333
702 97 0.333333
703 701 0.333333
703 97 0.333333
703 702 0.333333
706 705 0.333333
707 705 0.333333
707 706 0.333333
708 705 0.333333
708 706 0.333333
708 707 0.333333
709 98 0.583333
709 95 0.583333
709 97 0.583333
709 100 0.25
710 98 0.333333
710 70 0.666667
710 72 0.333333
710 73 0.333333
711 98 0.333333
711 710 0.333333
711 70 0.333333
712 88 0.5
712 89 0.5
713 643 0.5
714 713 0.5
714 643 0.5
716 696 0.25
717 696 0.25
717 716 0.25
718 696 0.25
718 716 0.25
718 717 0.25
719 696 0.25
719 716 0.25
719 717 0.25
719 718 0.25
721 720 2
722 671 1
725 724 0.333333
726 724 0.333333
726 725 0.333333
727 724 0.333333
727 725 0.333333
727 726 0.333333
730 137 0.5
730 588 0.5
732 731 1
734 733 0.5
735 733 0.5
735 734 0.5
737 72 0.5
738 737 0.5
738 72 0.5
739 444 0.5
739 73 0.5
740 444 1
743 294 0.9
743 295 1.9
743 524 0.333333
744 743 1.4
744 294 0.9
744 295 1.4
745 743 1.2
745 294 0.7
745 744 0.7
745 295 2.7
746 743 1
747 743 2.33333
747 295 0.333333
747 524 0.333333
749 748 1
752 751 1
753 720 0.5
754 753 0.5
754 720 0.5
756 755 1
757 35 0.5
757 79 0.5
758 757 0.5
758 70 0.75
758 73 0.25
759 757 0.5
759 758 1.25
759 70 0.75
759 73 0.25
760 757 1
760 79 0.5
760 372 0.5
761 757 1.5
761 35 0.5
762 757 1.86667
762 35 0.333333
763 757 0.333333
763 762 0.666667
763 35 0.333333
764 757 0.333333
764 762 0.666667
764 763 0.666667
764 35 0.333333
765 757 0.533333
765 762 0.533333
765 122 0.833333
766 757 0.533333
766 765 0.866667
766 762 0.533333
766 122 0.333333
768 767 0.333333
769 767 0.333333
769 768 0.333333
770 767 0.333333
770 768 0.333333
770 769 0.333333
771 128 0.2
771 127 0.2
772 771 0.2
772 128 0.2
772 127 0.2
773 771 0.2
773 772 0.2
773 128 0.2
773 127 0.2
774 771 0.2
774 772 0.2
774 128 0.2
774 773 0.2
774 127 0.2
775 762 1.33333
775 658 0.333333
775 655 0.333333
776 775 1.33333
776 762 1.53333
776 765 0.2
776 757 0.2
776 766 0.2
777 775 0.333333
777 762 0.333333
777 776 0.333333
779 778 1
781 497 0.5
782 781 0.5
782 497 0.5
784 632 1
785 632 0.5
785 784 0.5
787 786 0.5
788 786 0.5
788 787 0.5
789 347 0.333333
789 217 0.333333
789 517 0.333333
790 598 1
791 790 1
791 598 1
793 663 0.333333
794 793 0.333333
794 663 0.333333
795 793 0.333333
795 663 0.333333
795 794 0.333333
796 65 0.25
797 796 0.25
797 65 0.25
798 796 0.25
798 797 0.25
798 65 0.25
799 796 0.25
799 797 0.25
799 798 0.25
799 65 0.25
801 800 0.2
802 800 0.2
802 801 0.2
803 800 0.2
803 801 0.2
803 802 0.2
804 800 0.2
804 801 0.2
804 802 0.2
804 803 0.2
805 800 0.2
805 801 0.2
805 802 0.2
805 803 0.2
805 804 0.2
806 63 0.92619
806 363 0.2
807 806 0.92619
807 63 1.25952
807 363 0.2
808 806 0.92619
808 807 0.92619
808 63 0.92619
808 363 0.2
809 806 0.25
809 807 0.25
809 808 0.25
809 63 0.25
811 810 1
814 813 1
816 815 0.5
817 815 0.5
817 816 0.5
819 818 1
821 820 1
823 822 0.333333
824 822 0.333333
824 823 0.333333
825 822 0.333333
825 823 0.333333
825 824 0.333333
827 826 0.111111
828 826 0.111111
828 827 0.111111
829 826 0.111111
829 827 0.111111
829 828 0.111111
830 826 0.111111
830 827 0.111111
830 828 0.111111
830 829 0.111111
831 826 0.111111
831 827 0.111111
831 828 0.111111
831 829 0.111111
831 830 0.111111
832 826 0.111111
832 827 0.111111
832 828 0.111111
832 829 0.111111
832 830 0.111111
832 831 0.111111
833 826 0.111111
833 827 0.111111
833 828 0.111111
833 829 0.111111
833 830 0.111111
833 831 0.111111
833 832 0.111111
834 826 0.111111
834 827 0.111111
834 828 0.111111
834 829 0.111111
834 830 0.111111
834 831 0.111111
834 832 0.111111
834 833 0.111111
835 826 0.111111
835 827 0.111111
835 828 0.111111
835 829 0.111111
835 830 0.111111
835 831 0.111111
835 832 0.111111
835 833 0.111111
835 834 0.111111
837 836 0.5
838 836 0.5
838 837 0.5
840 35 0.333333
840 34 0.333333
840 55 0.333333
841 35 0.45
841 31 0.25
841 55 0.45
841 34 0.45
843 842 1.5
844 842 0.5
844 843 0.5
846 845 0.333333
847 845 0.333333
847 846 0.333333
848 845 0.333333
848 846 0.333333
848 847 0.333333
850 849 1
852 851 0.5
853 851 0.5
853 852 0.5
854 647 0.5
854 79 0.5
857 856 0.5
858 856 0.5
858 857 0.5
860 107 1
861 295 0.2
862 861 0.5
863 861 0.5
863 862 0.5
864 655 0.5
865 864 0.5
865 655 0.5
866 655 0.5
866 35 0.5
867 372 0.5
868 867 0.5
868 372 0.5
872 871 0.25
873 871 0.25
873 872 0.25
874 871 0.25
874 872 0.25
874 873 0.25
875 871 0.25
875 872 0.25
875 873 0.25
875 874 0.25
879 878 0.25
880 878 0.25
880 879 0.25
881 878 0.25
881 879 0.25
881 880 0.25
882 878 0.25
882 879 0.25
882 880 0.25
882 881 0.25
885 884 0.5
886 884 0.5
886 885 0.5
888 887 1
890 889 0.5
891 889 0.5
891 890 0.5
893 762 0.2
893 765 0.2
893 757 0.2
893 766 0.2
893 776 0.2
894 653 0.333333
894 655 0.666667
894 656 0.333333
894 56 0.333333
894 57 0.333333
895 403 0.333333
895 31 0.333333
895 328 0.333333
897 896 0.25
898 896 0.25
898 897 0.25
899 896 0.25
899 897 0.25
899 898 0.25
900 896 0.25
900 897 0.25
900 898 0.25
900 899 0.25
902 901 0.5
903 901 0.5
903 902 0.5
905 904 0.5
906 904 0.5
906 905 0.5
908 907 1
909 308 0.25
909 266 0.25
909 267 0.25
909 269 0.25
911 910 0.5
912 910 0.5
912 911 0.5
914 913 0.2
915 913 0.2
915 914 0.342857
916 913 0.2
916 914 0.342857
916 915 0.342857
917 913 0.2
917 914 0.985714
917 915 0.342857
917 916 0.342857
918 913 0.2
918 914 0.2
918 915 0.2
918 916 0.2
918 917 0.2
919 172 1
922 921 1
923 416 1
925 924 0.5
926 924 0.5
926 925 0.5
927 178 1
928 244 1.25
931 930 1
932 743 0.7
932 294 0.4
932 744 0.2
932 295 0.4
933 932 1.9
933 743 0.7
933 294 0.4
933 744 0.2
933 295 0.4
934 932 1
935 56 0.5
935 57 0.5
936 118 0.25
937 936 0.25
937 118 0.25
938 936 0.25
938 937 0.25
938 118 0.25
939 936 0.25
939 937 0.25
939 938 0.25
939 118 0.25
941 479 1
943 942 0.5
944 942 0.5
944 943 0.5
945 264 0.2
945 266 0.2
945 267 0.2
945 269 0.2
946 264 0.2
946 266 0.2
946 267 0.2
946 945 0.2
946 269 0.2
947 2 1
949 948 1
951 950 1
953 952 1.16667
954 952 1.16667
954 953 1.16667
955 952 0.666667
955 954 0.666667
955 953 0.666667
956 195 0.5
957 956 0.5
957 195 1.08333
959 958 0.5
960 958 0.5
960 959 0.5
962 961 0.5
963 961 0.5
963 962 0.5
964 518 0.333333
964 152 0.333333
965 964 0.333333
965 518 0.333333
965 152 0.333333
967 966 0.2
968 966 0.2
968 967 0.2
969 966 0.2
969 967 0.2
969 968 0.2
970 966 0.2
970 967 0.2
970 968 0.2
970 969 0.2
971 966 0.2
971 967 0.2
971 968 0.2
971 969 0.2
971 970 0.2
974 973 1
974 301 1
976 975 0.5
977 975 0.5
977 976 0.5
977 89 1
978 759 0.25
978 758 0.25
978 70 0.25
978 73 0.25
980 979 1
982 981 0.5
983 981 0.5
983 982 0.5
985 984 1
985 474 2.16667
985 473 0.333333
986 984 0.5
986 985 0.833333
986 474 0.333333
987 984 0.5
987 985 0.5
989 988 1
990 974 1
992 89 2
994 993 1
996 995 0.25
997 995 0.25
997 996 0.25
998 995 0.25
998 996 0.25
998 997 0.25
999 995 0.25
999 996 0.25
999 997 0.25
999 998 0.25
1001 1000 1
1001 914 0.142857
1001 917 0.142857
1001 256 0.5
1001 255 0.5
1003 974 0.833333
1004 1003 0.833333
1004 974 0.833333
1005 1003 0.333333
1005 1004 0.333333
1005 974 0.333333
1006 79 1
1008 1007 1
1009 52 0.5
1009 34 0.5
1011 1010 1
1013 1012 1
1015 1014 1
1017 63 1.33333
1017 807 0.333333
1019 1018 1.2
1022 128 0.25
1022 129 0.75
1023 128 0.25
1023 129 0.25
1023 1022 0.25
1024 128 0.25
1024 129 1.75
1024 1022 0.75
1024 1023 0.25
1025 54 0.5
1026 1025 0.5
1026 54 0.5
1027 304 0.333333
1028 1027 1
1029 747 0.333333
1029 295 0.333333
1030 1029 0.333333
1030 747 0.333333
1030 295 0.333333
1031 551 0.5
1031 122 0.5
1033 1032 1
1035 1034 1
1037 1036 1
1038 1036 0.5
1039 1036 0.5
1039 1038 0.5
1040 309 0.5
1041 1040 0.5
1041 309 1.5
1042 225 0.333333
1042 219 0.333333
1042 217 0.333333
1044 1043 0.5
1045 1043 0.5
1045 1044 0.5
1046 1011 1
1047 483 1
1048 13 0.25
1049 1048 0.25
1049 13 0.25
1050 1048 0.25
1050 1049 0.25
1050 13 0.25
1051 1048 0.25
1051 1049 0.25
1051 1050 0.25
1051 13 0.25
1054 1053 1
1056 1055 1
1057 1055 0.333333
1058 1055 0.333333
1058 1057 0.333333
1059 1055 0.333333
1059 1057 0.333333
1059 1058 0.333333
1062 1061 0.111111
1063 1061 0.111111
1063 1062 0.111111
1064 1061 0.111111
1064 1062 0.111111
1064 1063 0.111111
1065 1061 0.111111
1065 1062 0.111111
1065 1063 0.111111
1065 1064 0.111111
1066 1061 0.111111
1066 1062 0.111111
1066 1063 0.111111
1066 1064 0.111111
1066 1065 0.111111
1067 1061 0.111111
1067 1062 0.111111
1067 1063 0.111111
1067 1064 0.111111
1067 1065 0.111111
1067 1066 0.111111
1068 1061 0.111111
1068 1062 0.111111
1068 1063 0.111111
1068 1064 0.111111
1068 1065 0.111111
1068 1066 0.111111
1068 1067 0.111111
1069 1061 0.111111
1069 1062 0.111111
1069 1063 0.111111
1069 1064 0.111111
1069 1065 0.111111
1069 1066 0.111111
1069 1067 0.111111
1069 1068 0.111111
1070 1061 0.111111
1070 1062 0.111111
1070 1063 0.111111
1070 1064 0.111111
1070 1065 0.111111
1070 1066 0.111111
1070 1067 0.111111
1070 1068 0.111111
1070 1069 0.111111
1071 807 0.142857
1071 806 0.142857
1071 808 0.142857
1071 63 0.142857
1072 807 0.67619
1072 806 0.342857
1072 808 0.342857
1072 1071 0.142857
1072 63 0.67619
1072 363 0.2
1072 1017 0.333333
1073 807 0.142857
1073 806 0.142857
1073 808 0.142857
1073 1071 0.142857
1073 1072 0.142857
1073 63 0.142857
1074 807 0.142857
1074 806 0.142857
1074 808 0.142857
1074 1071 0.142857
1074 1072 0.142857
1074 1073 0.142857
1074 63 0.142857
1075 228 1
1080 1079 1
1082 282 2
1083 70 0.5
1084 1083 0.5
1084 70 0.5
1085 1 0.5
1085 2 0.5
1087 517 0.5
1088 517 2.5
1088 1087 0.5
1089 517 1
1089 1088 0.5
1089 152 0.5
1090 517 0.5
1090 1088 0.5
1092 474 0.333333
1092 473 0.333333
1092 985 0.333333
1093 474 0.833333
1093 985 0.833333
1093 986 0.333333
1095 1094 0.333333
1096 1094 0.333333
1096 1095 0.333333
1097 1094 0.333333
1097 1095 0.333333
1097 1096 0.333333
1099 1098 0.5
1100 1098 0.5
1100 1099 0.5
1103 1102 0.5
1104 1102 0.5
1104 1103 0.5
1107 1106 0.125
1108 1106 0.125
1108 1107 0.125
1109 1106 0.125
1109 1107 0.125
1109 1108 0.125
1110 1106 0.125
1110 1107 0.125
1110 1108 0.125
1110 1109 0.125
1111 1106 0.125
1111 1107 0.125
1111 1108 0.125
1111 1109 0.125
1111 1110 0.125
1112 1106 0.125
1112 1107 0.125
1112 1108 0.125
1112 1109 0.125
1112 1110 0.125
1112 1111 0.125
1113 1106 0.125
1113 1107 0.125
1113 1108 0.125
1113 1109 0.125
1113 1110 0.125
1113 1111 0.125
1113 1112 0.125
1114 1106 0.125
1114 1107 0.125
1114 1108 0.125
1114 1109 0.125
1114 1110 0.125
1114 1111 0.125
1114 1112 0.125
1114 1113 0.125
1116 1115 1
1118 1117 0.25
1119 1117 0.25
1119 1118 0.25
1120 1117 0.25
1120 1118 0.25
1120 1119 0.25
1121 1117 0.25
1121 1118 0.25
1121 1119 0.25
1121 1120 0.25
1122 79 0.5
1123 79 0.5
1123 1122 0.5
1124 79 0.5
1124 757 0.5
1125 248 0.333333
1125 416 0.333333
1126 1125 0.333333
1126 248 0.333333
1126 416 0.333333
1129 1128 1
1130 977 1
1131 658 0.333333
1131 775 0.333333
1131 655 0.833333
1131 35 0.5
1133 1132 1
1135 1134 1
1136 957 0.583333
1136 195 0.583333
1137 1136 0.25
1137 957 0.25
1137 195 0.25
1138 1136 0.25
1138 1137 0.25
1138 957 0.25
1138 195 0.25
1139 1136 0.333333
1139 195 0.333333
1139 957 0.333333
1141 1140 1
1143 1142 1
1146 222 0.333333
1146 344 1.47619
1146 220 2.14286
1146 698 0.142857
1148 1147 0.25
1149 1147 0.25
1149 1148 0.25
1150 1147 0.25
1150 1148 0.25
1150 1149 0.25
1151 1147 0.25
1151 1148 0.25
1151 1149 0.25
1151 1150 0.25
1154 1153 0.125
1155 1153 0.125
1155 1154 0.125
1156 1153 0.125
1156 1154 0.125
1156 1155 0.125
1157 1153 0.125
1157 1154 0.125
1157 1155 0.125
1157 1156 0.125
1158 1153 0.125
1158 1154 0.125
1158 1155 0.125
1158 1156 0.125
1158 1157 0.125
1159 1153 0.125
1159 1154 0.125
1159 1155 0.125
1159 1156 0.125
1159 1157 0.125
1159 1158 0.125
1160 1153 0.125
1160 1154 0.125
1160 1155 0.125
1160 1156 0.125
1160 1157 0.125
1160 1158 0.125
1160 1159 0.125
1161 1153 0.125
1161 1154 0.125
1161 1155 0.125
1161 1156 0.125
1161 1157 0.125
1161 1158 0.125
1161 1159 0.125
1161 1160 0.125
1163 115 0.5
1163 187 1.25
1164 115 0.5
1164 1163 0.5
1166 1165 1
1167 260 0.333333
1167 259 0.333333
1168 260 0.333333
1168 259 0.333333
1168 1167 0.333333
1170 1169 1
1171 821 1
1173 79 1
1176 932 0.5
1177 1176 0.5
1177 932 0.5
1178 151 0.5
1178 97 0.5
1179 151 0.833333
1179 282 0.833333
1181 590 0.25
1181 591 0.25
1181 592 0.25
1182 1181 0.25
1182 590 0.25
1182 591 0.25
1182 592 0.25
1183 303 1
1186 1185 0.5
1187 1185 0.5
1187 1186 0.5
1190 328 0.5
1190 329 0.5
1191 55 0.2
1191 35 0.2
1191 841 0.2
1191 34 0.2
1192 1191 0.2
1192 55 0.2
1192 35 0.2
1192 841 0.2
1192 34 0.2
1195 1194 1
1196 79 0.333333
1197 1196 0.333333
1197 79 0.333333
1198 1196 0.333333
1198 1197 0.333333
1198 79 0.333333
1200 1199 0.5
1201 1199 0.5
1201 1200 0.5
1202 914 0.785714
1202 917 1.11905
1202 1001 0.142857
1202 915 0.142857
1202 916 0.142857
1203 914 0.142857
1203 917 0.142857
1203 1202 0.142857
1203 1001 0.142857
1204 914 0.142857
1204 917 0.142857
1204 1202 0.142857
1204 1203 0.142857
1204 1001 0.142857
1205 914 0.142857
1205 917 0.142857
1205 1202 0.142857
1205 1203 0.142857
1205 1204 0.142857
1205 1001 0.142857
1206 914 0.142857
1206 917 0.142857
1206 1202 0.142857
1206 1203 0.142857
1206 1204 0.142857
1206 1205 0.142857
1206 1001 0.142857
1207 914 0.142857
1207 917 0.142857
1207 1202 0.142857
1207 915 0.142857
1207 916 0.142857
1208 914 0.142857
1208 1207 0.142857
1208 917 0.142857
1208 1202 0.142857
1208 915 0.142857
1208 916 0.142857
1209 914 0.142857
1209 1207 0.142857
1209 917 0.142857
1209 1202 0.142857
1209 915 0.142857
1209 1208 0.142857
1209 916 0.142857
1211 1210 0.333333
1212 1210 0.333333
1212 1211 0.333333
1213 1210 0.333333
1213 1211 0.333333
1213 1212 0.333333
1215 331 0.25
1216 1215 0.25
1216 331 0.25
1217 1215 0.25
1217 331 0.25
1217 1216 0.25
1218 1215 0.25
1218 331 0.25
1218 1216 0.25
1218 1217 0.25
1220 1219 1
1222 501 0.5
1222 151 0.5
1224 1223 0.5
1225 1223 0.5
1225 1224 0.5
1227 1226 1
1228 1226 1
1229 133 0.25
1229 55 0.25
1229 34 0.25
1230 133 0.25
1230 1229 0.25
1230 55 0.25
1230 34 0.25
1231 245 1
1233 1232 1
1234 416 0.5
1235 1234 0.5
1235 416 0.5
1236 482 0.5
1237 1236 0.5
1237 482 0.5
1239 1238 1
1240 548 1
1242 1241 1
1244 1243 1
1245 483 0.25
1246 1245 0.25
1246 483 0.25
1247 1245 0.25
1247 1246 0.25
1247 483 0.25
1248 1245 0.25
1248 1246 0.25
1248 1247 0.25
1248 483 0.25
1250 1249 1
1251 482 0.5
1252 1251 0.5
1252 482 0.5
1254 1253 0.5
1255 1253 1.5
1255 1254 0.5
1256 765 0.833333
1256 766 0.333333
1256 122 0.833333
1257 1202 0.333333
1257 917 0.333333
1258 1202 0.333333
1258 1257 0.333333
1258 917 0.333333
1260 1259 1
1262 1261 0.5
1263 1261 0.5
1263 1262 0.5
1264 376 0.333333
1264 377 0.333333
1264 378 0.333333
1266 1265 0.333333
1267 1265 0.333333
1267 1266 0.333333
1268 1265 0.333333
1268 1266 0.333333
1268 1267 0.333333
1269 873 1
1271 321 0.5
1271 322 0.5
1272 948 0.5
1273 1272 0.5
1273 948 0.5
1274 844 0.75
1275 1274 0.75
1275 844 0.75
1276 1274 0.25
1276 1275 0.25
1276 844 0.25
1277 1274 0.25
1277 1275 0.25
1277 844 0.25
1277 1276 0.25
1279 745 0.7
1279 295 0.7
1279 744 0.2
1279 743 0.2
1279 294 0.2
1280 745 0.333333
1281 745 0.333333
1281 1280 0.333333
1282 745 0.333333
1282 1280 0.333333
1282 1281 0.333333
1283 1146 0.333333
1283 220 0.333333
1284 1283 0.333333
1284 1146 0.333333
1284 220 0.333333
1288 1287 0.25
1289 1287 0.25
1289 1288 0.25
1290 1287 0.25
1290 1288 0.25
1290 1289 0.25
1291 1287 0.25
1291 1288 0.25
1291 1289 0.25
1291 1290 0.25
1294 1293 0.5
1295 1293 0.5
1295 1294 0.5
1296 376 0.25
1296 377 0.25
1296 34 0.25
1296 378 0.25
1300 1299 1
1304 1019 0.5
1305 1019 0.5
1305 1304 0.5
1306 1019 1
1307 1019 0.2
1307 1018 0.2
1308 1019 0.2
1308 1307 0.2
1308 1018 0.2
1309 1019 0.2
1309 1307 0.2
1309 1308 0.2
1309 1018 0.2
1310 1019 0.2
1310 1307 0.2
1310 1308 0.2
1310 1309 0.2
1310 1018 0.2
1312 1311 1
1314 1313 0.25
1315 1313 0.25
1315 1314 0.25
1316 1313 0.25
1316 1314 0.25
1316 1315 0.25
1316 54 0.25
1317 1313 0.25
1317 1314 0.25
1317 1315 0.25
1317 1316 0.25
1319 901 1
1322 1321 1
1323 525 1
1325 1324 0.5
1326 1324 0.5
1326 1325 0.5
1328 1327 1
1330 1329 1
1333 1332 0.5
1334 1332 0.5
1334 1333 0.5
1337 1336 0.333333
1338 1336 0.333333
1338 1337 0.333333
1339 1336 0.333333
1339 1337 0.333333
1339 1338 0.333333
1340 883 1
1342 518 1
1343 282 0.333333
1343 151 0.333333
1343 1179 0.333333
1344 282 0.5
1345 282 0.5
1345 1344 0.5
1346 1226 1
1347 722 1
1348 378 0.5
1349 1348 0.5
1349 378 0.5
1350 363 0.25
1351 1350 0.25
1351 363 0.25
1352 1350 0.25
1352 1351 0.25
1352 363 0.25
1353 1350 0.25
1353 1351 0.25
1353 1352 0.25
1353 363 0.25
1356 1355 1
1357 524 0.333333
1357 747 0.333333
1357 743 0.333333
1357 932 1
1358 1357 1
1358 1108 0.333333
1359 1357 1
1359 1358 2.33333
1359 1108 0.333333
1360 1357 1
1362 47 1.33333
1362 429 0.333333
1363 47 0.333333
1363 1362 0.333333
1363 429 0.333333
1364 47 1
1365 1287 0.25
1366 1365 0.25
1366 1287 0.25
1367 1365 0.25
1367 1366 0.25
1367 1287 0.25
1368 1365 0.25
1368 1366 0.25
1368 1367 0.25
1368 1287 0.25
1369 933 0.2
1369 294 0.2
1369 295 0.2
1369 932 0.2
1370 933 0.2
1370 1369 0.2
1370 294 0.2
1370 295 0.2
1370 932 0.2
1372 1371 1
1374 1373 1
1376 1375 0.5
1377 1375 0.5
1377 1376 0.5
1378 1295 0.5
1379 1378 0.5
1379 1295 0.5
1382 523 0.5
1382 77 0.5
1385 195 0.5
1386 1385 0.5
1386 195 0.5
1388 1387 1
1390 330 1.5
1390 548 0.5
1392 1391 0.5
1393 1391 0.5
1393 1392 0.5
1395 1146 0.142857
1395 220 0.142857
1395 344 0.142857
1395 698 0.142857
1396 1395 0.142857
1396 1146 0.142857
1396 220 0.142857
1396 344 0.142857
1396 698 0.142857
1397 1395 0.142857
1397 1146 0.142857
1397 1396 0.142857
1397 220 0.142857
1397 344 0.142857
1397 698 0.142857
1398 1395 0.142857
1398 1146 0.142857
1398 1396 0.142857
1398 220 0.142857
1398 344 0.142857
1398 1397 0.142857
1398 698 0.142857
1399 315 1
1401 1400 0.25
1402 1400 0.25
1402 1401 0.25
1403 1400 0.25
1403 1401 0.25
1403 1402 0.25
1404 1400 0.25
1404 1401 0.25
1404 1402 0.25
1404 1403 0.25
1405 328 0.166667
1405 417 0.166667
1406 1405 0.166667
1406 328 0.166667
1406 417 0.166667
1407 1405 0.166667
1407 1406 0.166667
1407 328 0.166667
1407 417 0.166667
1408 1405 0.166667
1408 1406 0.166667
1408 328 0.166667
1408 1407 0.166667
1408 417 0.166667
1409 1405 0.166667
1409 1406 0.166667
1409 328 0.166667
1409 1407 0.166667
1409 417 0.166667
1409 1408 0.166667
1410 497 0.5
1411 1410 0.5
1411 497 0.5
1412 1358 0.333333
1412 1108 0.333333
1412 1359 0.333333
1413 1061 1
1414 187 0.25
1414 1163 0.25
1415 187 0.25
1415 1414 0.25
1415 1163 0.25
1416 187 0.25
1416 1414 0.25
1416 1163 0.25
1416 1415 0.25
1417 304 0.333333
1417 1027 0.333333
1418 1417 0.333333
1418 304 0.333333
1418 1027 0.333333
1419 931 1
1420 1337 1
1422 1421 0.333333
1423 1421 0.333333
1423 1422 0.333333
1424 1421 0.333333
1424 1422 0.333333
1424 1423 0.333333
1425 10 0.5
1426 1425 0.5
1426 10 1.5
1428 1427 0.5
1429 1427 0.5
1429 1428 0.5
1430 646 0.0526316
1431 1430 0.385965
1431 646 0.0526316
1432 1430 0.385965
1432 646 0.0526316
1432 1431 0.385965
1433 1430 0.0526316
1433 646 0.0526316
1433 1431 0.0526316
1433 1432 0.0526316
1434 1430 0.0526316
1434 646 0.0526316
1434 1431 0.0526316
1434 1432 0.0526316
1434 1433 0.0526316
1435 1430 0.0526316
1435 646 0.0526316
1435 1431 0.0526316
1435 1432 0.0526316
1435 1433 0.0526316
1435 1434 0.0526316
1436 1430 0.0526316
1436 646 0.0526316
1436 1431 0.0526316
1436 1432 0.0526316
1436 1433 0.0526316
1436 1434 0.0526316
1436 1435 0.0526316
1437 1430 0.0526316
1437 646 0.0526316
1437 1431 0.0526316
1437 1432 0.0526316
1437 1433 0.0526316
1437 1434 0.0526316
1437 1435 0.0526316
1437 1436 0.0526316
1438 1430 0.0526316
1438 646 0.0526316
1438 1431 0.0526316
1438 1432 0.0526316
1438 1433 0.0526316
1438 1434 0.0526316
1438 1435 0.0526316
1438 1436 0.0526316
1438 1437 0.0526316
1439 1430 0.0526316
1439 646 0.0526316
1439 1431 0.0526316
1439 1432 0.0526316
1439 1433 0.0526316
1439 1434 0.0526316
1439 1435 0.0526316
1439 1436 0.0526316
1439 1437 0.0526316
1439 1438 0.0526316
1440 1430 0.0526316
1440 646 0.0526316
1440 1431 0.0526316
1440 1432 0.0526316
1440 1433 0.0526316
1440 1434 0.0526316
1440 1435 0.0526316
1440 1436 0.0526316
1440 1437 0.0526316
1440 1438 0.0526316
1440 1439 0.0526316
1441 1430 0.0526316
1441 646 0.0526316
1441 1431 0.0526316
1441 1432 0.0526316
1441 1433 0.0526316
1441 1434 0.0526316
1441 1435 0.0526316
1441 1436 0.0526316
1441 1437 0.0526316
1441 1438 0.0526316
1441 1439 0.0526316
1441 1440 0.0526316
1442 1430 0.0526316
1442 646 0.0526316
1442 1431 0.0526316
1442 1432 0.0526316
1442 1433 0.0526316
1442 1434 0.0526316
1442 1435 0.0526316
1442 1436 0.0526316
1442 1437 0.0526316
1442 1438 0.0526316
1442 1439 0.0526316
1442 1440 0.0526316
1442 1441 0.0526316
1443 1430 0.0526316
1443 646 0.0526316
1443 1431 0.0526316
1443 1432 0.0526316
1443 1433 0.0526316
1443 1434 0.0526316
1443 1435 0.0526316
1443 1436 0.0526316
1443 1437 0.0526316
1443 1438 0.0526316
1443 1439 0.0526316
1443 1440 0.0526316
1443 1441 0.0526316
1443 1442 0.0526316
1444 1430 0.0526316
1444 646 0.0526316
1444 1431 0.0526316
1444 1432 0.0526316
1444 1433 0.0526316
1444 1434 0.0526316
1444 1435 0.0526316
1444 1436 0.0526316
1444 1437 0.0526316
1444 1438 0.0526316
1444 1439 0.0526316
1444 1440 0.0526316
1444 1441 0.0526316
1444 1442 0.0526316
1444 1443 0.0526316
1445 1430 0.0526316
1445 646 0.0526316
1445 1431 0.0526316
1445 1432 0.0526316
1445 1433 0.0526316
1445 1434 0.0526316
1445 1435 0.0526316
1445 1436 0.0526316
1445 1437 0.0526316
1445 1438 0.0526316
1445 1439 0.0526316
1445 1440 0.0526316
1445 1441 0.0526316
1445 1442 0.0526316
1445 1443 0.0526316
1445 1444 0.0526316
1446 1430 0.0526316
1446 646 0.0526316
1446 1431 0.0526316
1446 1432 0.0526316
1446 1433 0.0526316
1446 1434 0.0526316
1446 1435 0.0526316
1446 1436 0.0526316
1446 1437 0.0526316
1446 1438 0.0526316
1446 1439 0.0526316
1446 1440 0.0526316
1446 1441 0.0526316
1446 1442 0.0526316
1446 1443 0.0526316
1446 1444 0.0526316
1446 1445 0.0526316
1447 1430 0.0526316
1447 646 0.0526316
1447 1431 0.0526316
1447 1432 0.0526316
1447 1433 0.0526316
1447 1434 0.0526316
1447 1435 0.0526316
1447 1436 0.0526316
1447 1437 0.0526316
1447 1438 0.0526316
1447 1439 0.0526316
1447 1440 0.0526316
1447 1441 0.0526316
1447 1442 0.0526316
1447 1443 0.0526316
1447 1444 0.0526316
1447 1445 0.0526316
1447 1446 0.0526316
1448 1430 0.0526316
1448 646 0.0526316
1448 1431 0.0526316
1448 1432 0.0526316
1448 1433 0.0526316
1448 1434 0.0526316
1448 1435 0.0526316
1448 1436 0.0526316
1448 1437 0.0526316
1448 1438 0.0526316
1448 1439 0.0526316
1448 1440 0.0526316
1448 1441 0.0526316
1448 1442 0.0526316
1448 1443 0.0526316
1448 1444 0.0526316
1448 1445 0.0526316
1448 1446 0.0526316
1448 1447 0.0526316
1449 1430 0.333333
1449 1431 0.333333
1449 1432 0.333333
1451 1450 1
1452 284 0.5
1452 282 0.5
1453 217 1
1454 1361 1
1455 722 1
1456 483 1
1458 1457 0.333333
1459 1457 0.333333
1459 1458 0.333333
1460 1457 0.333333
1460 1458 0.333333
1460 1459 0.333333
1461 518 0.333333
1461 128 0.333333
1461 152 0.333333
1462 56 0.5
1462 57 0.5
1465 861 0.2
1465 295 0.2
1466 1465 0.2
1466 861 0.2
1466 295 0.2
1467 1465 0.2
1467 1466 0.2
1467 861 0.2
1467 295 0.2
1468 1465 0.2
1468 1466 0.2
1468 861 0.2
1468 1467 0.2
1468 295 0.2
1469 54 0.25
1469 1316 0.25
1470 54 0.25
1470 1469 0.25
1470 1316 0.25
1471 54 0.25
1471 1469 0.25
1471 1316 0.25
1471 1470 0.25
1473 1472 0.5
1474 1472 0.5
1474 1473 0.5
1476 1475 0.5
1477 1475 0.5
1477 1476 0.5
1478 208 0.5
1479 1478 0.5
1479 208 0.5
1481 1480 1
1482 97 0.5
1483 1482 0.5
1483 97 0.5
1485 1484 0.5
1486 1484 0.5
1486 1485 0.5
1488 1487 1
1489 1143 0.5
1490 1489 0.5
1490 1143 0.5
1493 1492 1
1494 1492 0.25
1495 1494 1
1497 1496 1
1498 301 1
1499 83 1
1501 240 0.25
1502 1501 0.25
1502 240 0.25
1503 1501 0.25
1503 1502 0.25
1503 240 0.25
1504 1501 0.25
1504 1502 0.25
1504 240 0.25
1504 1503 0.25
1505 1001 0.5
1506 1505 0.2
1507 1505 0.2
1507 1506 0.2
1508 1505 0.2
1508 1506 0.2
1508 1507 0.2
1509 1505 0.2
1509 1506 0.2
1509 1507 0.2
1509 1508 0.2
1510 1505 0.2
1510 1506 0.2
1510 1507 0.2
1510 1508 0.2
1510 1509 0.2
1513 1512 0.5
1514 1512 0.5
1514 1513 0.5
1515 1001 0.5
1515 1505 0.5
1516 1121 0.333333
1517 1121 0.333333
1517 1516 0.333333
1518 1121 0.333333
1518 1516 0.333333
1518 1517 0.333333
1519 244 0.25
1519 928 0.25
1520 1519 0.25
1520 244 0.25
1520 928 0.25
1521 1519 0.25
1521 1520 0.25
1521 244 0.25
1521 928 0.25
1524 1523 1
1527 1526 1
1530 55 0.5
1530 34 0.5
1532 1531 1
1533 10 1
1534 533 0.2
1534 532 0.2
1534 531 0.2
1535 533 0.2
1535 1534 0.2
1535 532 0.2
1535 531 0.2
1536 533 0.2
1536 1534 0.2
1536 1535 0.2
1536 532 0.2
1536 531 0.2
1537 844 1
1539 1538 0.5
1540 1538 0.5
1540 1539 0.5
1541 1494 0.25
1541 1492 0.25
1542 1541 0.25
1542 1494 0.25
1542 1492 0.25
1543 1541 0.25
1543 1542 0.25
1543 1494 0.25
1543 1492 0.25
1545 1544 1
1547 1546 0.333333
1548 1546 0.333333
1548 1547 0.333333
1549 1546 0.333333
1549 1547 0.333333
1549 1548 0.333333
1550 309 1
1551 35 0.833333
1551 34 1.33333
1551 55 0.5
1552 1551 0.333333
1552 35 0.333333
1552 34 0.333333
1554 295 0.333333
1555 295 0.333333
1555 1554 0.333333
1556 295 0.333333
1556 1554 0.333333
1556 1555 0.333333
1557 677 0.333333
1558 1557 0.333333
1558 677 0.333333
1559 1557 0.333333
1559 677 0.333333
1559 1558 0.333333
1561 1146 0.333333
1561 220 0.333333
1562 1561 0.333333
1562 1146 0.333333
1562 220 0.333333
1563 64 0.142857
1563 63 0.142857
1564 1563 0.142857
1564 64 0.142857
1564 63 0.142857
1565 1563 0.142857
1565 1564 0.142857
1565 64 0.142857
1565 63 0.142857
1566 1563 0.142857
1566 1564 0.142857
1566 1565 0.142857
1566 64 0.142857
1566 63 0.142857
1567 1563 0.142857
1567 1564 0.142857
1567 1565 0.142857
1567 1566 0.142857
1567 64 0.142857
1567 63 0.142857
1568 1563 0.142857
1568 1564 0.142857
1568 1565 0.142857
1568 1566 0.142857
1568 1567 0.142857
1568 64 0.142857
1568 63 0.142857
1570 1569 1
1571 338 0.2
1571 632 0.2
1572 338 0.2
1572 632 0.2
1572 1571 0.2
1573 338 0.2
1573 632 0.2
1573 1571 0.2
1573 1572 0.2
1574 338 0.2
1574 632 0.2
1574 1571 0.2
1574 1572 0.2
1574 1573 0.2
1575 632 0.5
1575 784 0.5
1577 1576 0.333333
1578 1576 0.333333
1578 1577 0.333333
1579 1576 0.333333
1579 1577 0.333333
1579 1578 0.333333
1580 632 0.5
1580 631 0.5
1582 1581 1
1585 1584 1
1587 1586 1
1588 1586 1
1589 523 0.5
1589 77 0.5
1 2 2.5
3 4 0.25
3 5 0.25
4 5 0.25
3 6 0.25
4 6 0.25
5 6 0.25
3 7 0.25
4 7 0.25
5 7 0.25
6 7 0.25
8 9 1
8 10 3.16667
8 11 1.16667
10 11 1.16667
8 12 0.666667
11 12 0.666667
10 12 0.666667
13 14 0.333333
13 15 0.333333
14 15 0.333333
13 16 0.333333
14 16 0.333333
15 16 0.333333
17 18 0.5
17 19 0.5
18 19 0.5
21 22 0.5
21 23 0.5
22 23 0.5
24 25 0.5
24 26 0.5
25 26 2.33333
28 29 0.5
28 30 0.5
29 30 0.5
31 32 0.5
31 33 0.5
32 33 0.5
31 34 3.58333
31 35 1.58333
34 35 4.225
36 37 0.2
36 38 0.2
37 38 0.2
36 39 0.2
37 39 0.2
38 39 0.2
36 40 0.2
37 40 0.2
38 40 0.2
39 40 0.2
36 41 0.2
37 41 0.2
38 41 0.2
39 41 0.2
40 41 0.2
43 44 1
45 46 0.5
45 47 0.5
46 47 0.5
48 49 0.333333
48 50 0.333333
49 50 0.333333
48 51 0.333333
49 51 0.333333
50 51 0.333333
34 52 0.75
52 53 0.25
34 53 0.25
52 54 0.25
53 54 0.25
34 54 1.85833
35 54 0.775
52 55 0.25
53 55 0.25
54 55 0.625
34 55 2.99167
35 55 1.15833
31 55 0.25
52 56 0.5
52 57 0.5
56 57 3.83333
52 58 1
52 59 1
58 59 1
60 61 0.5
60 62 0.5
61 62 0.5
63 64 0.47619
63 65 0.333333
64 65 0.333333
63 66 0.333333
64 66 0.333333
65 66 0.333333
67 68 0.5
67 69 0.5
68 69 0.5
70 71 0.833333
70 72 2.16667
71 72 0.833333
70 73 0.916667
71 73 0.333333
72 73 0.666667
74 75 0.333333
74 76 0.333333
75 76 0.333333
74 77 0.333333
75 77 0.333333
76 77 0.333333
78 79 0.333333
47 79 1
78 80 0.333333
79 80 0.333333
78 81 0.333333
79 81 0.333333
80 81 0.333333
82 83 0.5
82 84 0.5
83 84 0.5
85 86 0.5
85 87 0.5
86 87 0.5
88 89 2.5
56 91 1
92 93 0.5
92 94 0.5
93 94 0.5
95 96 0.5
95 97 2.66667
96 97 0.5
95 98 2.33333
96 98 0.5
97 98 2.33333
70 98 1.83333
95 99 0.5
96 99 0.5
97 99 0.5
98 99 0.5
95 100 0.5
97 100 0.5
98 100 0.5
95 101 0.25
100 101 1.25
97 101 0.25
98 101 0.25
103 104 0.5
103 105 0.5
104 105 0.5
106 107 0.5
106 108 0.5
107 108 0.5
109 110 1
112 113 1
114 115 1
117 118 1
119 120 1
121 122 1
79 122 1
123 124 0.5
123 125 0.5
124 125 0.5
127 128 0.7
127 129 0.5
128 129 0.75
130 131 1
34 132 1.33333
31 132 0.333333
35 132 0.333333
34 133 2.275
35 133 0.525
54 133 1.025
55 133 0.375
34 134 1.025
35 134 1.025
133 134 0.525
54 134 0.525
55 134 0.125
34 135 0.525
35 135 0.525
133 135 0.525
134 135 0.525
54 135 0.525
55 135 0.125
136 137 1
138 139 1
140 141 0.111111
140 142 0.111111
141 142 0.111111
140 143 0.111111
141 143 0.111111
142 143 0.111111
140 144 0.111111
141 144 0.111111
142 144 0.111111
143 144 0.111111
140 145 0.111111
141 145 0.111111
142 145 0.111111
143 145 0.111111
144 145 0.111111
140 146 0.111111
141 146 0.111111
142 146 0.111111
143 146 0.111111
144 146 0.111111
145 146 0.111111
140 147 0.111111
141 147 0.111111
142 147 0.111111
143 147 0.111111
144 147 0.111111
145 147 0.111111
146 147 0.111111
140 148 0.111111
141 148 0.111111
142 148 0.111111
143 148 0.111111
144 148 0.111111
145 148 0.111111
146 148 0.111111
147 148 0.111111
140 149 0.111111
141 149 0.111111
142 149 0.111111
143 149 0.111111
144 149 0.111111
145 149 0.111111
146 149 0.111111
147 149 0.111111
148 149 0.111111
72 150 1.16667
150 151 0.666667
72 151 0.666667
97 151 0.833333
95 151 0.333333
150 152 1.16667
72 152 1.16667
151 152 4.75
128 152 0.333333
150 153 1
154 155 1.33333
154 156 0.333333
155 156 0.333333
154 157 0.333333
155 157 0.333333
156 157 0.333333
72 158 0.5
72 159 0.5
158 159 0.5
161 162 1
163 164 1
165 166 1
167 168 1
170 171 0.5
170 172 0.5
171 172 0.5
173 174 0.5
173 175 1.5
174 175 0.5
176 177 0.5
176 178 0.5
177 178 0.5
180 181 1
180 182 1
181 182 1
183 184 1
56 185 0.5
57 185 0.5
185 186 0.5
185 187 0.5
186 187 0.5
188 189 1.5
188 190 0.5
189 190 0.5
34 191 0.583333
47 192 0.833333
192 193 0.333333
47 193 0.333333
192 194 0.333333
193 194 0.333333
47 194 0.333333
192 195 0.5
47 195 0.5
196 197 1.25
196 198 0.25
197 198 0.25
196 199 0.25
197 199 0.25
198 199 0.25
196 200 0.25
197 200 0.25
198 200 0.25
199 200 0.25
201 202 0.5
25 202 0.333333
26 202 0.333333
201 203 0.5
202 203 0.833333
25 203 0.333333
26 203 0.333333
132 204 1
206 207 1
208 209 0.5
208 210 0.5
209 210 0.5
211 212 0.5
211 213 0.5
212 213 0.5
214 215 0.5
214 216 0.5
215 216 0.5
49 217 0.333333
137 217 0.5
217 218 1.08333
49 218 0.333333
217 219 1.66667
218 219 1.08333
49 219 0.333333
217 220 0.5
219 220 0.25
217 221 1.5
220 221 0.5
219 221 0.25
217 222 0.25
220 222 0.583333
221 222 0.25
217 223 0.25
220 223 1.75
221 223 0.25
222 223 0.25
217 224 0.5
137 224 0.5
217 225 0.583333
221 225 0.25
220 225 0.25
219 225 0.583333
151 226 2.08333
97 226 0.333333
95 226 0.333333
152 226 0.75
227 228 1
229 230 1.33333
229 231 0.333333
230 231 0.333333
229 232 0.333333
230 232 0.333333
231 232 0.333333
234 235 0.5
234 236 0.5
235 236 0.5
73 236 1
238 239 1
240 241 1
240 242 1
243 244 1
245 246 3.5
245 247 1
245 248 1
249 250 0.5
249 251 0.5
250 251 0.5
218 252 0.25
217 252 0.25
219 252 0.25
218 253 0.25
217 253 0.5
252 253 0.25
219 253 0.25
255 256 1
255 257 0.5
256 257 0.5
259 260 1.33333
261 262 1
263 264 0.142857
263 265 0.142857
264 265 0.142857
263 266 0.142857
264 266 0.67619
265 266 0.142857
263 267 0.142857
264 267 0.67619
265 267 0.142857
266 267 0.92619
263 268 0.142857
264 268 0.142857
265 268 0.142857
266 268 0.142857
267 268 0.142857
263 269 0.142857
264 269 0.67619
265 269 0.142857
266 269 0.92619
267 269 0.92619
268 269 0.142857
263 270 0.142857
264 270 0.142857
265 270 0.142857
266 270 0.142857
267 270 0.142857
268 270 0.142857
269 270 0.142857
271 272 1
274 275 0.5
274 276 0.5
275 276 0.5
277 278 0.5
277 279 0.5
278 279 1
280 281 0.166667
280 282 0.166667
281 282 0.166667
79 282 1
151 282 1.83333
280 283 0.166667
281 283 0.166667
282 283 0.166667
280 284 0.166667
281 284 0.166667
282 284 3.16667
283 284 0.166667
280 285 0.166667
281 285 0.166667
282 285 0.166667
283 285 0.166667
284 285 0.166667
280 286 0.166667
281 286 0.166667
282 286 0.166667
283 286 0.166667
284 286 0.166667
285 286 0.166667
287 288 0.5
287 289 1
288 289 0.5
287 290 0.5
289 290 0.5
291 292 0.5
291 293 0.5
292 293 0.5
294 295 2.1
297 298 1
297 299 0.333333
297 300 0.333333
299 300 0.333333
297 301 1.33333
299 301 0.333333
300 301 0.333333
204 302 1.16667
151 302 0.5
152 302 0.5
163 302 0.25
302 303 1.33333
204 303 0.833333
302 304 0.333333
204 304 0.333333
303 304 0.333333
302 305 0.5
303 305 0.5
79 306 0.583333
306 307 0.25
79 307 0.25
306 308 0.25
307 308 0.25
79 308 0.25
266 308 0.25
267 308 0.25
269 308 0.25
306 309 0.583333
307 309 0.25
308 309 0.25
79 309 1.58333
306 310 0.333333
79 310 3.33333
309 310 2.33333
98 311 0.5
70 311 0.5
312 313 1
314 315 0.5
314 316 0.5
315 316 0.5
204 317 0.333333
302 317 0.583333
163 317 0.25
204 318 0.333333
317 318 0.333333
302 318 0.333333
319 320 1
321 322 0.833333
321 323 0.333333
322 323 0.333333
321 324 0.666667
322 324 0.333333
323 324 0.333333
321 325 0.333333
324 325 0.333333
321 326 0.333333
324 326 0.333333
325 326 0.333333
327 328 0.333333
31 328 0.333333
327 329 0.333333
328 329 1.16667
327 330 0.333333
328 330 0.333333
329 330 0.333333
152 331 0.5
331 332 0.5
152 332 0.5
333 334 0.333333
333 335 0.333333
334 335 0.333333
333 336 0.333333
334 336 0.333333
335 336 0.333333
337 338 1
339 340 0.333333
339 341 0.333333
340 341 0.333333
339 342 0.333333
340 342 1.33333
341 342 0.333333
343 344 0.5
222 344 0.333333
220 344 2.47619
343 345 0.5
344 345 0.5
253 346 0.25
217 346 0.583333
346 347 0.583333
253 347 0.25
217 347 0.916667
346 348 0.583333
347 348 0.583333
253 348 0.25
217 348 0.583333
349 350 0.2
349 351 0.2
350 351 0.2
349 352 0.2
350 352 0.2
351 352 0.2
349 353 0.2
350 353 0.2
351 353 0.2
352 353 0.2
349 354 0.2
350 354 0.2
351 354 0.2
352 354 0.2
353 354 0.2
355 356 0.5
355 357 0.5
356 357 0.5
358 359 0.833333
358 360 0.5
359 360 0.5
358 361 0.333333
359 361 0.333333
358 362 0.333333
361 362 0.333333
359 362 0.333333
63 363 0.2
363 364 1
363 365 0.5
363 366 0.5
365 366 0.5
367 368 0.5
367 369 0.5
368 369 0.5
25 370 0.5
26 370 0.5
79 371 0.5
371 372 0.5
79 372 2.5
310 372 0.5
373 374 0.5
373 375 0.5
374 375 0.5
34 376 0.25
376 377 1.91667
34 377 0.25
376 378 2.91667
377 378 1.91667
34 378 0.25
376 379 0.333333
377 379 0.333333
378 379 0.333333
380 381 0.5
380 382 0.5
381 382 0.5
383 384 0.5
383 385 0.5
384 385 0.5
386 387 0.142857
386 388 0.142857
387 388 0.142857
386 389 0.142857
387 389 0.142857
388 389 0.142857
386 390 0.142857
387 390 0.142857
388 390 0.142857
389 390 0.142857
386 391 0.142857
387 391 0.142857
388 391 0.142857
389 391 0.142857
390 391 0.142857
386 392 0.142857
387 392 0.142857
388 392 0.142857
389 392 0.142857
390 392 0.142857
391 392 0.142857
386 393 0.142857
387 393 0.142857
388 393 0.142857
389 393 0.142857
390 393 0.142857
391 393 0.142857
392 393 0.142857
394 395 0.333333
394 396 0.333333
395 396 0.333333
394 397 0.333333
395 397 0.333333
396 397 0.333333
398 399 0.333333
398 400 0.333333
399 400 0.333333
398 401 0.333333
399 401 0.333333
400 401 0.333333
278 402 0.166667
279 402 0.166667
402 403 0.166667
278 403 0.166667
279 403 0.166667
328 403 2.16667
329 403 0.333333
31 403 0.333333
402 404 0.166667
403 404 0.166667
278 404 0.5
279 404 0.5
402 405 0.166667
403 405 0.166667
278 405 0.166667
404 405 0.166667
279 405 0.166667
402 406 0.166667
403 406 0.166667
278 406 0.166667
404 406 0.166667
279 406 0.166667
405 406 0.166667
167 407 1
409 410 0.25
409 411 0.583333
410 411 0.25
409 412 0.25
410 412 0.25
411 412 0.25
409 413 0.583333
410 413 0.25
411 413 0.583333
412 413 0.25
409 414 0.333333
411 414 0.333333
413 414 0.333333
415 416 1
248 416 0.333333
403 417 0.833333
328 417 3.5
329 417 0.333333
403 418 1
328 418 1
419 420 1
320 422 1
423 424 0.5
423 425 0.5
424 425 0.5
426 427 0.5
426 428 0.5
427 428 0.5
47 429 1.33333
429 430 1
431 432 1
431 433 1
434 435 1
246 436 1
245 436 1
437 438 0.5
437 439 0.5
438 439 0.5
119 440 0.5
440 441 1
440 442 0.5
119 442 0.5
443 444 1
73 444 0.5
445 446 1
447 448 0.333333
447 449 0.333333
448 449 0.333333
447 450 0.333333
448 450 0.333333
449 450 0.333333
283 451 1
453 454 0.142857
453 455 0.142857
454 455 0.142857
453 456 0.142857
454 456 0.142857
455 456 0.142857
453 457 0.142857
454 457 0.142857
455 457 0.142857
456 457 0.142857
453 458 0.142857
454 458 0.142857
455 458 0.142857
456 458 0.142857
457 458 0.142857
453 459 0.142857
454 459 0.642857
455 459 0.142857
456 459 0.142857
457 459 0.142857
458 459 0.142857
453 460 0.142857
454 460 0.642857
455 460 0.142857
456 460 0.142857
457 460 0.142857
458 460 0.142857
459 460 0.642857
461 462 0.333333
461 463 0.333333
462 463 0.333333
461 464 0.333333
462 464 0.333333
463 464 0.333333
302 464 0.5
34 465 1
465 466 1.5
465 467 0.5
466 467 0.5
468 469 0.25
468 470 0.25
469 470 0.25
468 471 0.25
469 471 0.25
470 471 0.25
468 472 0.25
469 472 0.25
470 472 0.25
471 472 0.25
473 474 0.833333
223 474 0.5
220 474 0.5
473 475 0.5
474 475 0.5
476 477 1
476 478 0.5
476 479 0.5
478 479 0.5
480 481 0.333333
480 482 0.333333
481 482 0.333333
480 483 0.333333
481 483 0.333333
482 483 0.333333
484 485 1
34 486 1
487 488 1
34 489 0.333333
55 489 0.333333
489 490 0.333333
34 490 0.333333
55 490 0.333333
310 491 1.5
79 491 0.5
491 492 0.5
310 492 0.5
491 493 1
491 494 0.5
310 494 0.5
495 496 0.5
495 497 0.5
496 497 0.5
498 499 1
304 500 1
151 501 0.5
501 502 1
501 503 2.5
502 503 1
501 504 1.5
503 504 0.5
506 507 1
191 508 0.583333
34 508 0.583333
508 509 1.08333
191 509 0.583333
34 509 0.583333
508 510 0.75
509 510 0.75
191 510 0.25
34 510 0.25
512 513 1
246 514 0.5
245 514 0.5
515 516 0.833333
515 517 0.833333
516 517 2.33333
347 517 0.333333
217 517 0.333333
152 517 1.58333
151 517 1.08333
226 517 0.25
515 518 0.333333
516 518 0.333333
517 518 2.91667
152 518 2.25
151 518 1.58333
226 518 0.25
128 518 0.333333
153 518 1
519 520 1
521 522 1
77 523 1
523 524 0.25
523 525 0.25
524 525 0.25
523 526 0.25
524 526 0.25
525 526 0.25
523 527 0.25
524 527 0.25
525 527 0.25
526 527 0.25
523 528 2
529 530 1
531 532 0.533333
531 533 0.533333
532 533 0.533333
531 534 0.333333
532 534 0.333333
533 534 0.333333
535 536 1
538 539 0.5
538 540 0.833333
539 540 0.5
538 541 0.333333
538 542 0.333333
541 542 0.333333
538 543 0.333333
541 543 0.333333
542 543 0.333333
545 546 1
547 548 1
56 548 0.5
57 548 0.5
330 548 1.5
122 549 0.333333
549 550 0.333333
122 550 0.333333
549 551 0.333333
550 551 0.333333
122 551 1.83333
553 554 0.5
553 555 0.5
554 555 0.5
557 558 0.5
557 559 0.5
558 559 0.5
560 561 1
34 562 0.708333
54 562 0.708333
35 562 0.375
134 562 0.125
55 562 0.375
133 562 0.125
135 562 0.125
562 563 0.458333
34 563 0.458333
54 563 0.458333
35 563 0.125
134 563 0.125
55 563 0.125
133 563 0.125
135 563 0.125
83 564 1
564 565 0.333333
564 566 0.333333
565 566 0.333333
564 567 0.333333
565 567 0.333333
566 567 0.333333
190 568 2.33333
569 570 1
571 572 1
573 574 1
282 575 2.5
284 575 0.5
575 576 0.5
282 576 0.5
575 577 0.5
282 577 0.5
578 579 1
581 582 0.5
581 583 0.5
582 583 0.5
584 585 1
137 586 0.333333
586 587 0.333333
137 587 0.333333
586 588 0.333333
587 588 0.333333
137 588 1.83333
590 591 0.583333
308 591 1
590 592 0.583333
591 592 1.58333
590 593 0.333333
591 593 0.333333
592 593 0.333333
594 595 1
278 596 0.333333
404 596 0.333333
279 596 0.333333
328 597 0.5
417 597 0.5
47 597 1
598 599 1
600 601 1
603 604 1
276 607 0.333333
276 608 0.333333
607 608 0.333333
276 609 0.333333
607 609 0.333333
608 609 0.333333
46 610 0.833333
610 611 0.5
46 611 0.5
610 612 0.333333
46 612 0.333333
610 613 0.333333
46 613 0.333333
612 613 0.333333
615 616 1
617 618 1
619 620 0.5
619 621 0.5
620 621 0.5
622 623 1
624 625 1
626 627 0.333333
626 628 0.333333
627 628 0.333333
626 629 0.333333
627 629 0.333333
628 629 0.333333
630 631 0.5
630 632 0.5
631 632 1
338 632 0.2
633 634 1
636 637 0.5
636 638 0.5
637 638 0.5
163 639 0.25
317 639 0.25
302 639 0.75
464 639 0.5
639 640 0.25
163 640 0.25
317 640 0.25
302 640 0.25
639 641 1
79 642 1
643 644 1
79 647 2.5
648 649 1
190 651 0.333333
568 651 0.333333
651 652 0.333333
190 652 0.333333
568 652 0.333333
35 653 0.25
653 654 0.333333
653 655 2.08333
654 655 0.333333
35 655 1.25
56 655 0.333333
57 655 0.333333
653 656 2.08333
654 656 0.333333
655 656 2.08333
35 656 0.25
653 657 0.333333
655 657 0.333333
656 657 0.333333
653 658 0.583333
35 658 0.25
655 658 0.916667
656 658 0.583333
659 660 0.333333
659 661 0.333333
660 661 0.333333
659 662 0.333333
660 662 0.333333
661 662 0.333333
663 664 0.75
663 665 0.25
664 665 0.25
663 666 0.25
664 666 0.25
665 666 0.25
663 667 0.25
664 667 0.25
665 667 0.25
666 667 0.25
668 669 1
670 671 1
670 672 1
673 674 1
516 675 0.5
517 675 0.5
444 676 0.5
676 677 0.5
444 677 0.5
664 678 0.5
663 678 0.5
679 680 0.5
679 681 0.5
680 681 0.5
682 683 0.333333
682 684 0.333333
683 684 0.333333
682 685 0.333333
683 685 0.333333
684 685 0.333333
58 686 1
351 687 1
538 690 0.333333
540 690 0.333333
690 691 0.333333
538 691 0.333333
540 691 0.333333
343 693 1
694 695 0.2
694 696 0.2
695 696 0.2
694 697 0.2
695 697 0.2
696 697 0.2
694 698 1.2
695 698 0.2
696 698 0.2
697 698 0.2
220 698 0.142857
344 698 0.142857
694 699 0.2
695 699 0.2
696 699 0.2
697 699 0.2
698 699 0.2
446 700 1
97 701 0.333333
701 702 0.333333
97 702 0.333333
701 703 0.333333
97 703 0.333333
702 703 0.333333
705 706 0.333333
705 707 0.333333
706 707 0.333333
705 708 0.333333
706 708 0.333333
707 708 0.333333
98 709 0.583333
95 709 0.583333
97 709 0.583333
100 709 0.25
98 710 0.333333
70 710 0.666667
72 710 0.333333
73 710 0.333333
98 711 0.333333
710 711 0.333333
70 711 0.333333
88 712 0.5
89 712 0.5
643 713 0.5
713 714 0.5
643 714 0.5
696 716 0.25
696 717 0.25
716 717 0.25
696 718 0.25
716 718 0.25
717 718 0.25
696 719 0.25
716 719 0.25
717 719 0.25
718 719 0.25
720 721 2
671 722 1
724 725 0.333333
724 726 0.333333
725 726 0.333333
724 727 0.333333
725 727 0.333333
726 727 0.333333
137 730 0.5
588 730 0.5
731 732 1
733 734 0.5
733 735 0.5
734 735 0.5
72 737 0.5
737 738 0.5
72 738 0.5
444 739 0.5
73 739 0.5
444 740 1
294 743 0.9
295 743 1.9
524 743 0.333333
743 744 1.4
294 744 0.9
295 744 1.4
743 745 1.2
294 745 0.7
744 745 0.7
295 745 2.7
743 746 1
743 747 2.33333
295 747 0.333333
524 747 0.333333
748 749 1
751 752 1
720 753 0.5
753 754 0.5
720 754 0.5
755 756 1
35 757 0.5
79 757 0.5
757 758 0.5
70 758 0.75
73 758 0.25
757 759 0.5
758 759 1.25
70 759 0.75
73 759 0.25
757 760 1
79 760 0.5
372 760 0.5
757 761 1.5
35 761 0.5
757 762 1.86667
35 762 0.333333
757 763 0.333333
762 763 0.666667
35 763 0.333333
757 764 0.333333
762 764 0.666667
763 764 0.666667
35 764 0.333333
757 765 0.533333
762 765 0.533333
122 765 0.833333
757 766 0.533333
765 766 0.866667
762 766 0.533333
122 766 0.333333
767 768 0.333333
767 769 0.333333
768 769 0.333333
767 770 0.333333
768 770 0.333333
769 770 0.333333
128 771 0.2
127 771 0.2
771 772 0.2
128 772 0.2
127 772 0.2
771 773 0.2
772 773 0.2
128 773 0.2
127 773 0.2
771 774 0.2
772 774 0.2
128 774 0.2
773 774 0.2
127 774 0.2
762 775 1.33333
658 775 0.333333
655 775 0.333333
775 776 1.33333
762 776 1.53333
765 776 0.2
757 776 0.2
766 776 0.2
775 777 0.333333
762 777 0.333333
776 777 0.333333
778 779 1
497 781 0.5
781 782 0.5
497 782 0.5
632 784 1
632 785 0.5
784 785 0.5
786 787 0.5
786 788 0.5
787 788 0.5
347 789 0.333333
217 789 0.333333
517 789 0.333333
598 790 1
790 791 1
598 791 1
663 793 0.333333
793 794 0.333333
663 794 0.333333
793 795 0.333333
663 795 0.333333
794 795 0.333333
65 796 0.25
796 797 0.25
65 797 0.25
796 798 0.25
797 798 0.25
65 798 0.25
796 799 0.25
797 799 0.25
798 799 0.25
65 799 0.25
800 801 0.2
800 802 0.2
801 802 0.2
800 803 0.2
801 803 0.2
802 803 0.2
800 804 0.2
801 804 0.2
802 804 0.2
803 804 0.2
800 805 0.2
801 805 0.2
802 805 0.2
803 805 0.2
804 805 0.2
63 806 0.92619
363 806 0.2
806 807 0.92619
63 807 1.25952
363 807 0.2
806 808 0.92619
807 808 0.92619
63 808 0.92619
363 808 0.2
806 809 0.25
807 809 0.25
808 809 0.25
63 809 0.25
810 811 1
813 814 1
815 816 0.5
815 817 0.5
816 817 0.5
818 819 1
820 821 1
822 823 0.333333
822 824 0.333333
823 824 0.333333
822 825 0.333333
823 825 0.333333
824 825 0.333333
826 827 0.111111
826 828 0.111111
827 828 0.111111
826 829 0.111111
827 829 0.111111
828 829 0.111111
826 830 0.111111
827 830 0.111111
828 830 0.111111
829 830 0.111111
826 831 0.111111
827 831 0.111111
828 831 0.111111
829 831 0.111111
830 831 0.111111
826 832 0.111111
827 832 0.111111
828 832 0.111111
829 832 0.111111
830 832 0.111111
831 832 0.111111
826 833 0.111111
827 833 0.111111
828 833 0.111111
829 833 0.111111
830 833 0.111111
831 833 0.111111
832 833 0.111111
826 834 0.111111
827 834 0.111111
828 834 0.111111
829 834 0.111111
830 834 0.111111
831 834 0.111111
832 834 0.111111
833 834 0.111111
826 835 0.111111
827 835 0.111111
828 835 0.111111
829 835 0.111111
830 835 0.111111
831 835 0.111111
832 835 0.111111
833 835 0.111111
834 835 0.111111
836 837 0.5
836 838 0.5
837 838 0.5
35 840 0.333333
34 840 0.333333
55 840 0.333333
35 841 0.45
31 841 0.25
55 841 0.45
34 841 0.45
842 843 1.5
842 844 0.5
843 844 0.5
845 846 0.333333
845 847 0.333333
846 847 0.333333
845 848 0.333333
846 848 0.333333
847 848 0.333333
849 850 1
851 852 0.5
851 853 0.5
852 853 0.5
647 854 0.5
79 854 0.5
856 857 0.5
856 858 0.5
857 858 0.5
107 860 1
295 861 0.2
861 862 0.5
861 863 0.5
862 863 0.5
655 864 0.5
864 865 0.5
655 865 0.5
655 866 0.5
35 866 0.5
372 867 0.5
867 868 0.5
372 868 0.5
871 872 0.25
871 873 0.25
872 873 0.25
871 874 0.25
872 874 0.25
873 874 0.25
871 875 0.25
872 875 0.25
873 875 0.25
874 875 0.25
878 879 0.25
878 880 0.25
879 880 0.25
878 881 0.25
879 881 0.25
880 881 0.25
878 882 0.25
879 882 0.25
880 882 0.25
881 882 0.25
884 885 0.5
884 886 0.5
885 886 0.5
887 888 1
889 890 0.5
889 891 0.5
890 891 0.5
762 893 0.2
765 893 0.2
757 893 0.2
766 893 0.2
776 893 0.2
653 894 0.333333
655 894 0.666667
656 894 0.333333
56 894 0.333333
57 894 0.333333
403 895 0.333333
31 895 0.333333
328 895 0.333333
896 897 0.25
896 898 0.25
897 898 0.25
896 899 0.25
897 899 0.25
898 899 0.25
896 900 0.25
897 900 0.25
898 900 0.25
899 900 0.25
901 902 0.5
901 903 0.5
902 903 0.5
904 905 0.5
904 906 0.5
905 906 0.5
907 908 1
308 909 0.25
266 909 0.25
267 909 0.25
269 909 0.25
910 911 0.5
910 912 0.5
911 912 0.5
913 914 0.2
913 915 0.2
914 915 0.342857
913 916 0.2
914 916 0.342857
915 916 0.342857
913 917 0.2
914 917 0.985714
915 917 0.342857
916 917 0.342857
913 918 0.2
914 918 0.2
915 918 0.2
916 918 0.2
917 918 0.2
172 919 1
921 922 1
416 923 1
924 925 0.5
924 926 0.5
925 926 0.5
178 927 1
244 928 1.25
930 931 1
743 932 0.7
294 932 0.4
744 932 0.2
295 932 0.4
932 933 1.9
743 933 0.7
294 933 0.4
744 933 0.2
295 933 0.4
932 934 1
56 935 0.5
57 935 0.5
118 936 0.25
936 937 0.25
118 937 0.25
936 938 0.25
937 938 0.25
118 938 0.25
936 939 0.25
937 939 0.25
938 939 0.25
118 939 0.25
479 941 1
942 943 0.5
942 944 0.5
943 944 0.5
264 945 0.2
266 945 0.2
267 945 0.2
269 945 0.2
264 946 0.2
266 946 0.2
267 946 0.2
945 946 0.2
269 946 0.2
2 947 1
948 949 1
950 951 1
952 953 1.16667
952 954 1.16667
953 954 1.16667
952 955 0.666667
954 955 0.666667
953 955 0.666667
195 956 0.5
956 957 0.5
195 957 1.08333
958 959 0.5
958 960 0.5
959 960 0.5
961 962 0.5
961 963 0.5
962 963 0.5
518 964 0.333333
152 964 0.333333
964 965 0.333333
518 965 0.333333
152 965 0.333333
966 967 0.2
966 968 0.2
967 968 0.2
966 969 0.2
967 969 0.2
968 969 0.2
966 970 0.2
967 970 0.2
968 970 0.2
969 970 0.2
966 971 0.2
967 971 0.2
968 971 0.2
969 971 0.2
970 971 0.2
973 974 1
301 974 1
975 976 0.5
975 977 0.5
976 977 0.5
89 977 1
759 978 0.25
758 978 0.25
70 978 0.25
73 978 0.25
979 980 1
981 982 0.5
981 983 0.5
982 983 0.5
984 985 1
474 985 2.16667
473 985 0.333333
984 986 0.5
985 986 0.833333
474 986 0.333333
984 987 0.5
985 987 0.5
988 989 1
974 990 1
89 992 2
993 994 1
995 996 0.25
995 997 0.25
996 997 0.25
995 998 0.25
996 998 0.25
997 998 0.25
995 999 0.25
996 999 0.25
997 999 0.25
998 999 0.25
1000 1001 1
914 1001 0.142857
917 1001 0.142857
256 1001 0.5
255 1001 0.5
974 1003 0.833333
1003 1004 0.833333
974 1004 0.833333
1003 1005 0.333333
1004 1005 0.333333
974 1005 0.333333
79 1006 1
1007 1008 1
52 1009 0.5
34 1009 0.5
1010 1011 1
1012 1013 1
1014 1015 1
63 1017 1.33333
807 1017 0.333333
1018 1019 1.2
128 1022 0.25
129 1022 0.75
128 1023 0.25
129 1023 0.25
1022 1023 0.25
128 1024 0.25
129 1024 1.75
1022 1024 0.75
1023 1024 0.25
54 1025 0.5
1025 1026 0.5
54 1026 0.5
304 1027 0.333333
1027 1028 1
747 1029 0.333333
295 1029 0.333333
1029 1030 0.333333
747 1030 0.333333
295 1030 0.333333
551 1031 0.5
122 1031 0.5
1032 1033 1
1034 1035 1
1036 1037 1
1036 1038 0.5
1036 1039 0.5
1038 1039 0.5
309 1040 0.5
1040 1041 0.5
309 1041 1.5
225 1042 0.333333
219 1042 0.333333
217 1042 0.333333
1043 1044 0.5
1043 1045 0.5
1044 1045 0.5
1011 1046 1
483 1047 1
13 1048 0.25
1048 1049 0.25
13 1049 0.25
1048 1050 0.25
1049 1050 0.25
13 1050 0.25
1048 1051 0.25
1049 1051 0.25
1050 1051 0.25
13 1051 0.25
1053 1054 1
1055 1056 1
1055 1057 0.333333
1055 1058 0.333333
1057 1058 0.333333
1055 1059 0.333333
1057 1059 0.333333
1058 1059 0.333333
1061 1062 0.111111
1061 1063 0.111111
1062 1063 0.111111
1061 1064 0.111111
1062 1064 0.111111
1063 1064 0.111111
1061 1065 0.111111
1062 1065 0.111111
1063 1065 0.111111
1064 1065 0.111111
1061 1066 0.111111
1062 1066 0.111111
1063 1066 0.111111
1064 1066 0.111111
1065 1066 0.111111
1061 1067 0.111111
1062 1067 0.111111
1063 1067 0.111111
1064 1067 0.111111
1065 1067 0.111111
1066 1067 0.111111
1061 1068 0.111111
1062 1068 0.111111
1063 1068 0.111111
1064 1068 0.111111
1065 1068 0.111111
1066 1068 0.111111
1067 1068 0.111111
1061 1069 0.111111
1062 1069 0.111111
1063 1069 0.111111
1064 1069 0.111111
1065 1069 0.111111
1066 1069 0.111111
1067 1069 0.111111
1068 1069 0.111111
1061 1070 0.111111
1062 1070 0.111111
1063 1070 0.111111
1064 1070 0.111111
1065 1070 0.111111
1066 1070 0.111111
1067 1070 0.111111
1068 1070 0.111111
1069 1070 0.111111
807 1071 0.142857
806 1071 0.142857
808 1071 0.142857
63 1071 0.142857
807 1072 0.67619
806 1072 0.342857
808 1072 0.342857
1071 1072 0.142857
63 1072 0.67619
363 1072 0.2
1017 1072 0.333333
807 1073 0.142857
806 1073 0.142857
808 1073 0.142857
1071 1073 0.142857
1072 1073 0.142857
63 1073 0.142857
807 1074 0.142857
806 1074 0.142857
808 1074 0.142857
1071 1074 0.142857
1072 1074 0.142857
1073 1074 0.142857
63 1074 0.142857
228 1075 1
1079 1080 1
282 1082 2
70 1083 0.5
1083 1084 0.5
70 1084 0.5
1 1085 0.5
2 1085 0.5
517 1087 0.5
517 1088 2.5
1087 1088 0.5
517 1089 1
1088 1089 0.5
152 1089 0.5
517 1090 0.5
1088 1090 0.5
474 1092 0.333333
473 1092 0.333333
985 1092 0.333333
474 1093 0.833333
985 1093 0.833333
986 1093 0.333333
1094 1095 0.333333
1094 1096 0.333333
1095 1096 0.333333
1094 1097 0.333333
1095 1097 0.333333
1096 1097 0.333333
1098 1099 0.5
1098 1100 0.5
1099 1100 0.5
1102 1103 0.5
1102 1104 0.5
1103 1104 0.5
1106 1107 0.125
1106 1108 0.125
1107 1108 0.125
1106 1109 0.125
1107 1109 0.125
1108 1109 0.125
1106 1110 0.125
1107 1110 0.125
1108 1110 0.125
1109 1110 0.125
1106 1111 0.125
1107 1111 0.125
1108 1111 0.125
1109 1111 0.125
1110 1111 0.125
1106 1112 0.125
1107 1112 0.125
1108 1112 0.125
1109 1112 0.125
1110 1112 0.125
1111 1112 0.125
1106 1113 0.125
1107 1113 0.125
1108 1113 0.125
1109 1113 0.125
1110 1113 0.125
1111 1113 0.125
1112 1113 0.125
1106 1114 0.125
1107 1114 0.125
1108 1114 0.125
1109 1114 0.125
1110 1114 0.125
1111 1114 0.125
1112 1114 0.125
1113 1114 0.125
1115 1116 1
1117 1118 0.25
1117 1119 0.25
1118 1119 0.25
1117 1120 0.25
1118 1120 0.25
1119 1120 0.25
1117 1121 0.25
1118 1121 0.25
1119 1121 0.25
1120 1121 0.25
79 1122 0.5
79 1123 0.5
1122 1123 0.5
79 1124 0.5
757 1124 0.5
248 1125 0.333333
416 1125 0.333333
1125 1126 0.333333
248 1126 0.333333
416 1126 0.333333
1128 1129 1
977 1130 1
658 1131 0.333333
775 1131 0.333333
655 1131 0.833333
35 1131 0.5
1132 1133 1
1134 1135 1
957 1136 0.583333
195 1136 0.583333
1136 1137 0.25
957 1137 0.25
195 1137 0.25
1136 1138 0.25
1137 1138 0.25
957 1138 0.25
195 1138 0.25
1136 1139 0.333333
195 1139 0.333333
957 1139 0.333333
1140 1141 1
1142 1143 1
222 1146 0.333333
344 1146 1.47619
220 1146 2.14286
698 1146 0.142857
1147 1148 0.25
1147 1149 0.25
1148 1149 0.25
1147 1150 0.25
1148 1150 0.25
1149 1150 0.25
1147 1151 0.25
1148 1151 0.25
1149 1151 0.25
1150 1151 0.25
1153 1154 0.125
1153 1155 0.125
1154 1155 0.125
1153 1156 0.125
1154 1156 0.125
1155 1156 0.125
1153 1157 0.125
1154 1157 0.125
1155 1157 0.125
1156 1157 0.125
1153 1158 0.125
1154 1158 0.125
1155 1158 0.125
1156 1158 0.125
1157 1158 0.125
1153 1159 0.125
1154 1159 0.125
1155 1159 0.125
1156 1159 0.125
1157 1159 0.125
1158 1159 0.125
1153 1160 0.125
1154 1160 0.125
1155 1160 0.125
1156 1160 0.125
1157 1160 0.125
1158 1160 0.125
1159 1160 0.125
1153 1161 0.125
1154 1161 0.125
1155 1161 0.125
1156 1161 0.125
1157 1161 0.125
1158 1161 0.125
1159 1161 0.125
1160 1161 0.125
115 1163 0.5
187 1163 1.25
115 1164 0.5
1163 1164 0.5
1165 1166 1
260 1167 0.333333
259 1167 0.333333
260 1168 0.333333
259 1168 0.333333
1167 1168 0.333333
1169 1170 1
821 1171 1
79 1173 1
932 1176 0.5
1176 1177 0.5
932 1177 0.5
151 1178 0.5
97 1178 0.5
151 1179 0.833333
282 1179 0.833333
590 1181 0.25
591 1181 0.25
592 1181 0.25
1181 1182 0.25
590 1182 0.25
591 1182 0.25
592 1182 0.25
303 1183 1
1185 1186 0.5
1185 1187 0.5
1186 1187 0.5
328 1190 0.5
329 1190 0.5
55 1191 0.2
35 1191 0.2
841 1191 0.2
34 1191 0.2
1191 1192 0.2
55 1192 0.2
35 1192 0.2
841 1192 0.2
34 1192 0.2
1194 1195 1
79 1196 0.333333
1196 1197 0.333333
79 1197 0.333333
1196 1198 0.333333
1197 1198 0.333333
79 1198 0.333333
1199 1200 0.5
1199 1201 0.5
1200 1201 0.5
914 1202 0.785714
917 1202 1.11905
1001 1202 0.142857
915 1202 0.142857
916 1202 0.142857
914 1203 0.142857
917 1203 0.142857
1202 1203 0.142857
1001 1203 0.142857
914 1204 0.142857
917 1204 0.142857
1202 1204 0.142857
1203 1204 0.142857
1001 1204 0.142857
914 1205 0.142857
917 1205 0.142857
1202 1205 0.142857
1203 1205 0.142857
1204 1205 0.142857
1001 1205 0.142857
914 1206 0.142857
917 1206 0.142857
1202 1206 0.142857
1203 1206 0.142857
1204 1206 0.142857
1205 1206 0.142857
1001 1206 0.142857
914 1207 0.142857
917 1207 0.142857
1202 1207 0.142857
915 1207 0.142857
916 1207 0.142857
914 1208 0.142857
1207 1208 0.142857
917 1208 0.142857
1202 1208 0.142857
915 1208 0.142857
916 1208 0.142857
914 1209 0.142857
1207 1209 0.142857
917 1209 0.142857
1202 1209 0.142857
915 1209 0.142857
1208 1209 0.142857
916 1209 0.142857
1210 1211 0.333333
1210 1212 0.333333
1211 1212 0.333333
1210 1213 0.333333
1211 1213 0.333333
1212 1213 0.333333
331 1215 0.25
1215 1216 0.25
331 1216 0.25
1215 1217 0.25
331 1217 0.25
1216 1217 0.25
1215 1218 0.25
331 1218 0.25
1216 1218 0.25
1217 1218 0.25
1219 1220 1
501 1222 0.5
151 1222 0.5
1223 1224 0.5
1223 1225 0.5
1224 1225 0.5
1226 1227 1
1226 1228 1
133 1229 0.25
55 1229 0.25
34 1229 0.25
133 1230 0.25
1229 1230 0.25
55 1230 0.25
34 1230 0.25
245 1231 1
1232 1233 1
416 1234 0.5
1234 1235 0.5
416 1235 0.5
482 1236 0.5
1236 1237 0.5
482 1237 0.5
1238 1239 1
548 1240 1
1241 1242 1
1243 1244 1
483 1245 0.25
1245 1246 0.25
483 1246 0.25
1245 1247 0.25
1246 1247 0.25
483 1247 0.25
1245 1248 0.25
1246 1248 0.25
1247 1248 0.25
483 1248 0.25
1249 1250 1
482 1251 0.5
1251 1252 0.5
482 1252 0.5
1253 1254 0.5
1253 1255 1.5
1254 1255 0.5
765 1256 0.833333
766 1256 0.333333
122 1256 0.833333
1202 1257 0.333333
917 1257 0.333333
1202 1258 0.333333
1257 1258 0.333333
917 1258 0.333333
1259 1260 1
1261 1262 0.5
1261 1263 0.5
1262 1263 0.5
376 1264 0.333333
377 1264 0.333333
378 1264 0.333333
1265 1266 0.333333
1265 1267 0.333333
1266 1267 0.333333
1265 1268 0.333333
1266 1268 0.333333
1267 1268 0.333333
873 1269 1
321 1271 0.5
322 1271 0.5
948 1272 0.5
1272 1273 0.5
948 1273 0.5
844 1274 0.75
1274 1275 0.75
844 1275 0.75
1274 1276 0.25
1275 1276 0.25
844 1276 0.25
1274 1277 0.25
1275 1277 0.25
844 1277 0.25
1276 1277 0.25
745 1279 0.7
295 1279 0.7
744 1279 0.2
743 1279 0.2
294 1279 0.2
745 1280 0.333333
745 1281 0.333333
1280 1281 0.333333
745 1282 0.333333
1280 1282 0.333333
1281 1282 0.333333
1146 1283 0.333333
220 1283 0.333333
1283 1284 0.333333
1146 1284 0.333333
220 1284 0.333333
1287 1288 0.25
1287 1289 0.25
1288 1289 0.25
1287 1290 0.25
1288 1290 0.25
1289 1290 0.25
1287 1291 0.25
1288 1291 0.25
1289 1291 0.25
1290 1291 0.25
1293 1294 0.5
1293 1295 0.5
1294 1295 0.5
376 1296 0.25
377 1296 0.25
34 1296 0.25
378 1296 0.25
1299 1300 1
1019 1304 0.5
1019 1305 0.5
1304 1305 0.5
1019 1306 1
1019 1307 0.2
1018 1307 0.2
1019 1308 0.2
1307 1308 0.2
1018 1308 0.2
1019 1309 0.2
1307 1309 0.2
1308 1309 0.2
1018 1309 0.2
1019 1310 0.2
1307 1310 0.2
1308 1310 0.2
1309 1310 0.2
1018 1310 0.2
1311 1312 1
1313 1314 0.25
1313 1315 0.25
1314 1315 0.25
1313 1316 0.25
1314 1316 0.25
1315 1316 0.25
54 1316 0.25
1313 1317 0.25
1314 1317 0.25
1315 1317 0.25
1316 1317 0.25
901 1319 1
1321 1322 1
525 1323 1
1324 1325 0.5
1324 1326 0.5
1325 1326 0.5
1327 1328 1
1329 1330 1
1332 1333 0.5
1332 1334 0.5
1333 1334 0.5
1336 1337 0.333333
1336 1338 0.333333
1337 1338 0.333333
1336 1339 0.333333
1337 1339 0.333333
1338 1339 0.333333
883 1340 1
518 1342 1
282 1343 0.333333
151 1343 0.333333
1179 1343 0.333333
282 1344 0.5
282 1345 0.5
1344 1345 0.5
1226 1346 1
722 1347 1
378 1348 0.5
1348 1349 0.5
378 1349 0.5
363 1350 0.25
1350 1351 0.25
363 1351 0.25
1350 1352 0.25
1351 1352 0.25
363 1352 0.25
1350 1353 0.25
1351 1353 0.25
1352 1353 0.25
363 1353 0.25
1355 1356 1
524 1357 0.333333
747 1357 0.333333
743 1357 0.333333
932 1357 1
1357 1358 1
1108 1358 0.333333
1357 1359 1
1358 1359 2.33333
1108 1359 0.333333
1357 1360 1
47 1362 1.33333
429 1362 0.333333
47 1363 0.333333
1362 1363 0.333333
429 1363 0.333333
47 1364 1
1287 1365 0.25
1365 1366 0.25
1287 1366 0.25
1365 1367 0.25
1366 1367 0.25
1287 1367 0.25
1365 1368 0.25
1366 1368 0.25
1367 1368 0.25
1287 1368 0.25
933 1369 0.2
294 1369 0.2
295 1369 0.2
932 1369 0.2
933 1370 0.2
1369 1370 0.2
294 1370 0.2
295 1370 0.2
932 1370 0.2
1371 1372 1
1373 1374 1
1375 1376 0.5
1375 1377 0.5
1376 1377 0.5
1295 1378 0.5
1378 1379 0.5
1295 1379 0.5
523 1382 0.5
77 1382 0.5
195 1385 0.5
1385 1386 0.5
195 1386 0.5
1387 1388 1
330 1390 1.5
548 1390 0.5
1391 1392 0.5
1391 1393 0.5
1392 1393 0.5
1146 1395 0.142857
220 1395 0.142857
344 1395 0.142857
698 1395 0.142857
1395 1396 0.142857
1146 1396 0.142857
220 1396 0.142857
344 1396 0.142857
698 1396 0.142857
1395 1397 0.142857
1146 1397 0.142857
1396 1397 0.142857
220 1397 0.142857
344 1397 0.142857
698 1397 0.142857
1395 1398 0.142857
1146 1398 0.142857
1396 1398 0.142857
220 1398 0.142857
344 1398 0.142857
1397 1398 0.142857
698 1398 0.142857
315 1399 1
1400 1401 0.25
1400 1402 0.25
1401 1402 0.25
1400 1403 0.25
1401 1403 0.25
1402 1403 0.25
1400 1404 0.25
1401 1404 0.25
1402 1404 0.25
1403 1404 0.25
328 1405 0.166667
417 1405 0.166667
1405 1406 0.166667
328 1406 0.166667
417 1406 0.166667
1405 1407 0.166667
1406 1407 0.166667
328 1407 0.166667
417 1407 0.166667
1405 1408 0.166667
1406 1408 0.166667
328 1408 0.166667
1407 1408 0.166667
417 1408 0.166667
1405 1409 0.166667
1406 1409 0.166667
328 1409 0.166667
1407 1409 0.166667
417 1409 0.166667
1408 1409 0.166667
497 1410 0.5
1410 1411 0.5
497 1411 0.5
1358 1412 0.333333
1108 1412 0.333333
1359 1412 0.333333
1061 1413 1
187 1414 0.25
1163 1414 0.25
187 1415 0.25
1414 1415 0.25
1163 1415 0.25
187 1416 0.25
1414 1416 0.25
1163 1416 0.25
1415 1416 0.25
304 1417 0.333333
1027 1417 0.333333
1417 1418 0.333333
304 1418 0.333333
1027 1418 0.333333
931 1419 1
1337 1420 1
1421 1422 0.333333
1421 1423 0.333333
1422 1423 0.333333
1421 1424 0.333333
1422 1424 0.333333
1423 1424 0.333333
10 1425 0.5
1425 1426 0.5
10 1426 1.5
1427 1428 0.5
1427 1429 0.5
1428 1429 0.5
646 1430 0.0526316
1430 1431 0.385965
646 1431 0.0526316
1430 1432 0.385965
646 1432 0.0526316
1431 1432 0.385965
1430 1433 0.0526316
646 1433 0.0526316
1431 1433 0.0526316
1432 1433 0.0526316
1430 1434 0.0526316
646 1434 0.0526316
1431 1434 0.0526316
1432 1434 0.0526316
1433 1434 0.0526316
1430 1435 0.0526316
646 1435 0.0526316
1431 1435 0.0526316
1432 1435 0.0526316
1433 1435 0.0526316
1434 1435 0.0526316
1430 1436 0.0526316
646 1436 0.0526316
1431 1436 0.0526316
1432 1436 0.0526316
1433 1436 0.0526316
1434 1436 0.0526316
1435 1436 0.0526316
1430 1437 0.0526316
646 1437 0.0526316
1431 1437 0.0526316
1432 1437 0.0526316
1433 1437 0.0526316
1434 1437 0.0526316
1435 1437 0.0526316
1436 1437 0.0526316
1430 1438 0.0526316
646 1438 0.0526316
1431 1438 0.0526316
1432 1438 0.0526316
1433 1438 0.0526316
1434 1438 0.0526316
1435 1438 0.0526316
1436 1438 0.0526316
1437 1438 0.0526316
1430 1439 0.0526316
646 1439 0.0526316
1431 1439 0.0526316
1432 1439 0.0526316
1433 1439 0.0526316
1434 1439 0.0526316
1435 1439 0.0526316
1436 1439 0.0526316
1437 1439 0.0526316
1438 1439 0.0526316
1430 1440 0.0526316
646 1440 0.0526316
1431 1440 0.0526316
1432 1440 0.0526316
1433 1440 0.0526316
1434 1440 0.0526316
1435 1440 0.0526316
1436 1440 0.0526316
1437 1440 0.0526316
1438 1440 0.0526316
1439 1440 0.0526316
1430 1441 0.0526316
646 1441 0.0526316
1431 1441 0.0526316
1432 1441 0.0526316
1433 1441 0.0526316
1434 1441 0.0526316
1435 1441 0.0526316
1436 1441 0.0526316
1437 1441 0.0526316
1438 1441 0.0526316
1439 1441 0.0526316
1440 1441 0.0526316
1430 1442 0.0526316
646 1442 0.0526316
1431 1442 0.0526316
1432 1442 0.0526316
1433 1442 0.0526316
1434 1442 0.0526316
1435 1442 0.0526316
1436 1442 0.0526316
1437 1442 0.0526316
1438 1442 0.0526316
1439 1442 0.0526316
1440 1442 0.0526316
1441 1442 0.0526316
1430 1443 0.0526316
646 1443 0.0526316
1431 1443 0.0526316
1432 1443 0.0526316
1433 1443 0.0526316
1434 1443 0.0526316
1435 1443 0.0526316
1436 1443 0.0526316
1437 1443 0.0526316
1438 1443 0.0526316
1439 1443 0.0526316
1440 1443 0.0526316
1441 1443 0.0526316
1442 1443 0.0526316
1430 1444 0.0526316
646 1444 0.0526316
1431 1444 0.0526316
1432 1444 0.0526316
1433 1444 0.0526316
1434 1444 0.0526316
1435 1444 0.0526316
1436 1444 0.0526316
1437 1444 0.0526316
1438 1444 0.0526316
1439 1444 0.0526316
1440 1444 0.0526316
1441 1444 0.0526316
1442 1444 0.0526316
1443 1444 0.0526316
1430 1445 0.0526316
646 1445 0.0526316
1431 1445 0.0526316
1432 1445 0.0526316
1433 1445 0.0526316
1434 1445 0.0526316
1435 1445 0.0526316
1436 1445 0.0526316
1437 1445 0.0526316
1438 1445 0.0526316
1439 1445 0.0526316
1440 1445 0.0526316
1441 1445 0.0526316
1442 1445 0.0526316
1443 1445 0.0526316
1444 1445 0.0526316
1430 1446 0.0526316
646 1446 0.0526316
1431 1446 0.0526316
1432 1446 0.0526316
1433 1446 0.0526316
1434 1446 0.0526316
1435 1446 0.0526316
1436 1446 0.0526316
1437 1446 0.0526316
1438 1446 0.0526316
1439 1446 0.0526316
1440 1446 0.0526316
1441 1446 0.0526316
1442 1446 0.0526316
1443 1446 0.0526316
1444 1446 0.0526316
1445 1446 0.0526316
1430 1447 0.0526316
646 1447 0.0526316
1431 1447 0.0526316
1432 1447 0.0526316
1433 1447 0.0526316
1434 1447 0.0526316
1435 1447 0.0526316
1436 1447 0.0526316
1437 1447 0.0526316
1438 1447 0.0526316
1439 1447 0.0526316
1440 1447 0.0526316
1441 1447 0.0526316
1442 1447 0.0526316
1443 1447 0.0526316
1444 1447 0.0526316
1445 1447 0.0526316
1446 1447 0.0526316
1430 1448 0.0526316
646 1448 0.0526316
1431 1448 0.0526316
1432 1448 0.0526316
1433 1448 0.0526316
1434 1448 0.0526316
1435 1448 0.0526316
1436 1448 0.0526316
1437 1448 0.0526316
1438 1448 0.0526316
1439 1448 0.0526316
1440 1448 0.0526316
1441 1448 0.0526316
1442 1448 0.0526316
1443 1448 0.0526316
1444 1448 0.0526316
1445 1448 0.0526316
1446 1448 0.0526316
1447 1448 0.0526316
1430 1449 0.333333
1431 1449 0.333333
1432 1449 0.333333
1450 1451 1
284 1452 0.5
282 1452 0.5
217 1453 1
1361 1454 1
722 1455 1
483 1456 1
1457 1458 0.333333
1457 1459 0.333333
1458 1459 0.333333
1457 1460 0.333333
1458 1460 0.333333
1459 1460 0.333333
518 1461 0.333333
128 1461 0.333333
152 1461 0.333333
56 1462 0.5
57 1462 0.5
861 1465 0.2
295 1465 0.2
1465 1466 0.2
861 1466 0.2
295 1466 0.2
1465 1467 0.2
1466 1467 0.2
861 1467 0.2
295 1467 0.2
1465 1468 0.2
1466 1468 0.2
861 1468 0.2
1467 1468 0.2
295 1468 0.2
54 1469 0.25
1316 1469 0.25
54 1470 0.25
1469 1470 0.25
1316 1470 0.25
54 1471 0.25
1469 1471 0.25
1316 1471 0.25
1470 1471 0.25
1472 1473 0.5
1472 1474 0.5
1473 1474 0.5
1475 1476 0.5
1475 1477 0.5
1476 1477 0.5
208 1478 0.5
1478 1479 0.5
208 1479 0.5
1480 1481 1
97 1482 0.5
1482 1483 0.5
97 1483 0.5
1484 1485 0.5
1484 1486 0.5
1485 1486 0.5
1487 1488 1
1143 1489 0.5
1489 1490 0.5
1143 1490 0.5
1492 1493 1
1492 1494 0.25
1494 1495 1
1496 1497 1
301 1498 1
83 1499 1
240 1501 0.25
1501 1502 0.25
240 1502 0.25
1501 1503 0.25
1502 1503 0.25
240 1503 0.25
1501 1504 0.25
1502 1504 0.25
240 1504 0.25
1503 1504 0.25
1001 1505 0.5
1505 1506 0.2
1505 1507 0.2
1506 1507 0.2
1505 1508 0.2
1506 1508 0.2
1507 1508 0.2
1505 1509 0.2
1506 1509 0.2
1507 1509 0.2
1508 1509 0.2
1505 1510 0.2
1506 1510 0.2
1507 1510 0.2
1508 1510 0.2
1509 1510 0.2
1512 1513 0.5
1512 1514 0.5
1513 1514 0.5
1001 1515 0.5
1505 1515 0.5
1121 1516 0.333333
1121 1517 0.333333
1516 1517 0.333333
1121 1518 0.333333
1516 1518 0.333333
1517 1518 0.333333
244 1519 0.25
928 1519 0.25
1519 1520 0.25
244 1520 0.25
928 1520 0.25
1519 1521 0.25
1520 1521 0.25
244 1521 0.25
928 1521 0.25
1523 1524 1
1526 1527 1
55 1530 0.5
34 1530 0.5
1531 1532 1
10 1533 1
533 1534 0.2
532 1534 0.2
531 1534 0.2
533 1535 0.2
1534 1535 0.2
532 1535 0.2
531 1535 0.2
533 1536 0.2
1534 1536 0.2
1535 1536 0.2
532 1536 0.2
531 1536 0.2
844 1537 1
1538 1539 0.5
1538 1540 0.5
1539 1540 0.5
1494 1541 0.25
1492 1541 0.25
1541 1542 0.25
1494 1542 0.25
1492 1542 0.25
1541 1543 0.25
1542 1543 0.25
1494 1543 0.25
1492 1543 0.25
1544 1545 1
1546 1547 0.333333
1546 1548 0.333333
1547 1548 0.333333
1546 1549 0.333333
1547 1549 0.333333
1548 1549 0.333333
309 1550 1
35 1551 0.833333
34 1551 1.33333
55 1551 0.5
1551 1552 0.333333
35 1552 0.333333
34 1552 0.333333
295 1554 0.333333
295 1555 0.333333
1554 1555 0.333333
295 1556 0.333333
1554 1556 0.333333
1555 1556 0.333333
677 1557 0.333333
1557 1558 0.333333
677 1558 0.333333
1557 1559 0.333333
677 1559 0.333333
1558 1559 0.333333
1146 1561 0.333333
220 1561 0.333333
1561 1562 0.333333
1146 1562 0.333333
220 1562 0.333333
64 1563 0.142857
63 1563 0.142857
1563 1564 0.142857
64 1564 0.142857
63 1564 0.142857
1563 1565 0.142857
1564 1565 0.142857
64 1565 0.142857
63 1565 0.142857
1563 1566 0.142857
1564 1566 0.142857
1565 1566 0.142857
64 1566 0.142857
63 1566 0.142857
1563 1567 0.142857
1564 1567 0.142857
1565 1567 0.142857
1566 1567 0.142857
64 1567 0.142857
63 1567 0.142857
1563 1568 0.142857
1564 1568 0.142857
1565 1568 0.142857
1566 1568 0.142857
1567 1568 0.142857
64 1568 0.142857
63 1568 0.142857
1569 1570 1
338 1571 0.2
632 1571 0.2
338 1572 0.2
632 1572 0.2
1571 1572 0.2
338 1573 0.2
632 1573 0.2
1571 1573 0.2
1572 1573 0.2
338 1574 0.2
632 1574 0.2
1571 1574 0.2
1572 1574 0.2
1573 1574 0.2
632 1575 0.5
784 1575 0.5
1576 1577 0.333333
1576 1578 0.333333
1577 1578 0.333333
1576 1579 0.333333
1577 1579 0.333333
1578 1579 0.333333
632 1580 0.5
631 1580 0.5
1581 1582 1
1584 1585 1
1586 1587 1
1586 1588 1
523 1589 0.5
77 1589 0.5