"","cty1","cty2","absimport"
"1",111,112,14919490
"2",111,122,748051.8125
"3",111,128,540259.6875
"4",111,132,5859742.5
"5",111,134,4654544
"6",111,136,4820778
"7",111,138,3781819.25
"8",111,142,1828571.25
"9",111,144,3158442.25
"10",111,146,4903895.5
"11",111,156,87314288
"12",111,158,8103900
"13",111,172,1537661.5
"14",111,174,789610.5625
"15",111,176,207792.265625
"16",111,178,124675.3046875
"17",111,182,1080518.875
"18",111,184,2244156.5
"19",111,186,2742856.75
"20",111,193,6275325
"21",111,196,2867532
"22",111,199,6316881.5
"23",111,213,9184411
"24",111,218,1579220.375
"25",111,223,31875296
"26",111,228,7148053
"27",111,233,13922072
"28",111,238,1080518.875
"29",111,243,1703895.75
"30",111,248,1537661.5
"31",111,253,2285714
"32",111,258,2368830.75
"33",111,268,872727.375
"34",111,273,14046741
"35",111,278,831169.0625
"36",111,283,457142.78125
"37",111,288,290908.96875
"38",111,293,2202596.25
"39",111,298,4737663.5
"40",111,299,14420775
"41",111,343,124675.3046875
"42",111,369,415584.34375
"43",111,423,166233.8125
"44",111,436,374026.09375
"45",111,469,2410390
"46",111,518,41558.453125
"47",111,524,2950650.75
"48",111,534,11553256
"49",111,564,1412987.375
"50",111,566,10514284
"51",111,578,3366235
"52",111,612,249350.71875
"53",111,636,2077921.75
"54",111,644,540259.6875
"55",111,652,2701298.75
"56",111,686,207792.265625
"57",111,694,1537661.5
"58",112,111,24615070
"59",112,122,432207.75
"60",112,128,11740253
"61",112,132,12770909
"62",112,134,4837403.5
"63",112,136,5942860
"64",112,138,9978182
"65",112,142,3241558.25
"66",112,144,7667534.5
"67",112,146,1475324.625
"68",112,156,20970382
"69",112,158,914286
"70",112,172,3927271.5
"71",112,174,407272.6875
"72",112,176,99740.2421875
"73",112,178,7272725
"74",112,182,1388051.625
"75",112,184,2896622.5
"76",112,186,1354805.25
"77",112,193,25562592
"78",112,196,15580268
"79",112,199,6009352.5
"80",112,213,11121047
"81",112,218,1313246.25
"82",112,223,4725196
"83",112,228,669091
"84",112,233,20779.216796875
"85",112,243,1691427.75
"86",112,248,24935.060546875
"87",112,253,41558.453125
"88",112,273,656623.4375
"89",112,278,24935.060546875
"90",112,288,157922.109375
"91",112,293,1575064.625
"92",112,298,1579220.375
"93",112,299,1874285.375
"94",112,343,1275843.75
"95",112,369,1342337.875
"96",112,423,282597.46875
"97",112,436,594285.6875
"98",112,469,4662856.5
"99",112,518,295064.90625
"100",112,524,3233247
"101",112,534,11441046
"102",112,564,3033767.75
"103",112,566,178701.234375
"104",112,578,440519.65625
"105",112,612,1196883.5
"106",112,636,930908.75
"107",112,644,95584.3984375
"108",112,652,2169350
"109",112,664,1766234.25
"110",112,686,1404674.75
"111",112,694,8619221
"112",122,111,4155845.5
"113",122,112,1383896
"114",122,128,149610.359375
"115",122,132,477922
"116",122,134,3067012.25
"117",122,136,1288311.375
"118",122,138,482078
"119",122,142,112207.828125
"120",122,144,249350.71875
"121",122,146,735584.6875
"122",122,156,132987.046875
"123",122,158,8311.6904296875
"124",122,172,8311.6904296875
"125",122,174,124675.3046875
"126",122,182,78961.015625
"127",122,184,66493.4921875
"128",122,186,253506.515625
"129",122,193,58181.79296875
"130",122,196,37402.58984375
"131",122,199,33246.76171875
"132",122,213,182857.203125
"133",122,218,4155.84326171875
"134",122,223,245194.765625
"135",122,228,12467.5361328125
"136",122,238,4155.84326171875
"137",122,258,4155.84326171875
"138",122,273,29090.912109375
"139",122,298,8311.6904296875
"140",122,436,16623.373046875
"141",122,469,203636.4375
"142",122,524,16623.373046875
"143",122,534,29090.912109375
"144",122,564,112207.828125
"145",122,566,8311.6904296875
"146",122,612,4155.84326171875
"147",122,636,8311.6904296875
"148",122,686,37402.58984375
"149",128,111,3274805.5
"150",128,112,11179212
"151",128,122,145454.5625
"152",128,132,3029610
"153",128,134,3939740.75
"154",128,136,689870.1875
"155",128,138,1201038.625
"156",128,142,1234285.625
"157",128,144,2834286.5
"158",128,146,594285.6875
"159",128,156,20779.216796875
"160",128,158,290908.96875
"161",128,172,1205194.5
"162",128,174,12467.5361328125
"163",128,176,33246.76171875
"164",128,178,8311.6904296875
"165",128,182,224415.546875
"166",128,184,486233.53125
"167",128,186,162077.90625
"168",128,193,128831.1953125
"169",128,196,54025.99609375
"170",128,199,45714.30078125
"171",128,213,274285.8125
"172",128,223,673247
"173",128,228,8311.6904296875
"174",128,273,8311.6904296875
"175",128,293,24935.060546875
"176",128,298,8311.6904296875
"177",128,423,12467.5361328125
"178",128,436,211948
"179",128,469,116363.6484375
"180",128,518,16623.373046875
"181",128,524,16623.373046875
"182",128,534,141298.671875
"183",128,566,33246.76171875
"184",128,578,20779.216796875
"185",128,612,54025.99609375
"186",128,686,124675.3046875
"187",132,111,15630124
"188",132,112,4741817.5
"189",132,122,369869.90625
"190",132,128,984935.1875
"191",132,134,8299220
"192",132,136,4421820.5
"193",132,138,2850909.75
"194",132,142,660778.875
"195",132,144,2044674.875
"196",132,146,3407793
"197",132,156,939220.625
"198",132,158,278441.5625
"199",132,172,851948.25
"200",132,174,236883.171875
"201",132,176,8311.6904296875
"202",132,178,49870.14453125
"203",132,182,349090.78125
"204",132,184,1163635.875
"205",132,186,440519.65625
"206",132,193,4937142.5
"207",132,196,1284155.5
"208",132,199,2975585.75
"209",132,213,3686235.25
"210",132,218,4155.84326171875
"211",132,223,2215064.75
"212",132,228,876882.9375
"213",132,233,224415.546875
"214",132,238,8311.6904296875
"215",132,248,20779.216796875
"216",132,258,12467.5361328125
"217",132,273,265973.96875
"218",132,278,8311.6904296875
"219",132,283,83116.8671875
"220",132,288,16623.373046875
"221",132,293,87272.6953125
"222",132,298,423896.21875
"223",132,299,1437921.25
"224",132,423,116363.6484375
"225",132,436,4155.84326171875
"226",132,469,1974025.5
"227",132,518,8311.6904296875
"228",132,524,128831.1953125
"229",132,534,835324.3125
"230",132,564,1487792.25
"231",132,566,62337.6796875
"232",132,578,8311.6904296875
"233",132,612,10963112
"234",132,636,374026.09375
"235",132,644,29090.912109375
"236",132,686,3445195.5
"237",134,111,17911688
"238",134,112,4820778
"239",134,122,1745453.875
"240",134,128,4862337.5
"241",134,132,8602600
"242",134,136,5028573.5
"243",134,138,12301310
"244",134,142,2161038.75
"245",134,144,6275325
"246",134,146,3449351
"247",134,156,415584.34375
"248",134,158,374026.09375
"249",134,172,914286
"250",134,174,581818.25
"251",134,176,83116.8671875
"252",134,178,166233.8125
"253",134,182,290908.96875
"254",134,184,457142.78125
"255",134,186,2161038.75
"256",134,193,2659741
"257",134,196,789610.5625
"258",134,199,1288311.375
"259",134,213,2701298.75
"260",134,218,124675.3046875
"261",134,223,872727.375
"262",134,228,581818.25
"263",134,233,540259.6875
"264",134,238,41558.453125
"265",134,243,41558.453125
"266",134,248,124675.3046875
"267",134,258,41558.453125
"268",134,273,249350.71875
"269",134,288,41558.453125
"270",134,293,249350.71875
"271",134,298,581818.25
"272",134,299,332467.46875
"273",134,423,332467.46875
"274",134,469,997402.875
"275",134,524,457142.78125
"276",134,534,1038961.375
"277",134,564,914286
"278",134,566,41558.453125
"279",134,578,41558.453125
"280",134,612,623376.5
"281",134,636,955844.4375
"282",134,652,1080518.875
"283",134,664,374026.09375
"284",134,686,1870130.5
"285",134,694,207792.265625
"286",136,111,14462341
"287",136,112,3399480
"288",136,122,1691427.75
"289",136,128,689870.1875
"290",136,132,2780259
"291",136,134,5045193.5
"292",136,138,631688.4375
"293",136,142,490389.78125
"294",136,144,964155.5625
"295",136,146,2140260.25
"296",136,156,282597.46875
"297",136,158,95584.3984375
"298",136,172,336623.3125
"299",136,174,182857.203125
"300",136,176,87272.6953125
"301",136,178,8311.6904296875
"302",136,182,245194.765625
"303",136,184,153766.21875
"304",136,186,515324.78125
"305",136,193,2522598
"306",136,196,257662.265625
"307",136,199,718960.9375
"308",136,213,3212466.75
"309",136,223,1275843.75
"310",136,228,469610.53125
"311",136,233,37402.58984375
"312",136,238,41558.453125
"313",136,243,12467.5361328125
"314",136,248,162077.90625
"315",136,253,78961.015625
"316",136,258,16623.373046875
"317",136,268,24935.060546875
"318",136,273,511168.6875
"319",136,283,8311.6904296875
"320",136,288,20779.216796875
"321",136,293,37402.58984375
"322",136,298,290908.96875
"323",136,299,274285.8125
"324",136,423,37402.58984375
"325",136,469,1358960.375
"326",136,524,170389.640625
"327",136,534,585974
"328",136,564,673247
"329",136,566,74805.21875
"330",136,578,49870.14453125
"331",136,612,91428.5546875
"332",136,636,282597.46875
"333",136,644,83116.8671875
"334",136,686,303376.625
"335",138,111,9849357
"336",138,112,8444679
"337",138,122,644156
"338",138,128,428052.03125
"339",138,132,4164157
"340",138,134,10892475
"341",138,136,835324.3125
"342",138,142,760519.1875
"343",138,144,2850909.75
"344",138,146,1184415.875
"345",138,156,361558.34375
"346",138,158,290908.96875
"347",138,172,1325714
"348",138,174,33246.76171875
"349",138,176,108051.9375
"350",138,178,245194.765625
"351",138,182,220259.734375
"352",138,184,482078
"353",138,186,195324.75
"354",138,193,1001558.75
"355",138,196,286753.3125
"356",138,199,652467.375
"357",138,213,1865974.25
"358",138,218,16623.373046875
"359",138,223,781298.25
"360",138,228,70649.3671875
"361",138,233,29090.912109375
"362",138,238,87272.6953125
"363",138,243,37402.58984375
"364",138,248,12467.5361328125
"365",138,253,4155.84326171875
"366",138,258,70649.3671875
"367",138,268,8311.6904296875
"368",138,273,187012.953125
"369",138,278,16623.373046875
"370",138,283,4155.84326171875
"371",138,288,62337.6796875
"372",138,293,78961.015625
"373",138,298,265973.96875
"374",138,299,631688.4375
"375",138,343,16623.373046875
"376",138,369,20779.216796875
"377",138,423,33246.76171875
"378",138,436,62337.6796875
"379",138,469,257662.265625
"380",138,518,29090.912109375
"381",138,524,112207.828125
"382",138,534,631688.4375
"383",138,564,166233.8125
"384",138,566,78961.015625
"385",138,578,465454.59375
"386",138,612,241038.890625
"387",138,636,340779.125
"388",138,644,4155.84326171875
"389",138,652,469610.53125
"390",138,664,54025.99609375
"391",138,686,295064.90625
"392",138,694,261818.21875
"393",142,111,3428571.25
"394",142,112,6242079
"395",142,122,87272.6953125
"396",142,128,1080518.875
"397",142,132,1824415.125
"398",142,134,1346493.25
"399",142,136,477922
"400",142,138,1271688
"401",142,144,4076883.25
"402",142,146,249350.71875
"403",142,156,511168.6875
"404",142,158,191168.875
"405",142,172,228571.5
"406",142,174,29090.912109375
"407",142,176,20779.216796875
"408",142,182,91428.5546875
"409",142,184,307532.59375
"410",142,186,29090.912109375
"411",142,193,290908.96875
"412",142,196,95584.3984375
"413",142,199,66493.4921875
"414",142,213,286753.3125
"415",142,218,12467.5361328125
"416",142,223,669091
"417",142,228,20779.216796875
"418",142,273,16623.373046875
"419",142,288,16623.373046875
"420",142,299,91428.5546875
"421",142,436,49870.14453125
"422",142,469,29090.912109375
"423",142,518,12467.5361328125
"424",142,524,20779.216796875
"425",142,534,132987.046875
"426",142,564,8311.6904296875
"427",142,566,108051.9375
"428",142,578,20779.216796875
"429",142,612,83116.8671875
"430",142,644,12467.5361328125
"431",142,686,83116.8671875
"432",144,111,4205715.5
"433",144,112,9749604
"434",144,122,274285.8125
"435",144,128,1716363.875
"436",144,132,3116882.75
"437",144,134,5593768.5
"438",144,136,1367272.375
"439",144,138,2194285.5
"440",144,142,1454545
"441",144,146,610909.0625
"442",144,156,162077.90625
"443",144,158,207792.265625
"444",144,172,544415.5
"445",144,174,66493.4921875
"446",144,176,66493.4921875
"447",144,178,62337.6796875
"448",144,182,199480.578125
"449",144,184,432207.75
"450",144,186,220259.734375
"451",144,193,694026.1875
"452",144,196,108051.9375
"453",144,199,353246.84375
"454",144,213,1209350.75
"455",144,223,1608311.125
"456",144,228,137142.84375
"457",144,233,195324.75
"458",144,273,299220.875
"459",144,278,4155.84326171875
"460",144,288,54025.99609375
"461",144,293,12467.5361328125
"462",144,298,290908.96875
"463",144,299,286753.3125
"464",144,423,24935.060546875
"465",144,436,87272.6953125
"466",144,469,166233.8125
"467",144,518,20779.216796875
"468",144,524,220259.734375
"469",144,534,220259.734375
"470",144,564,103896.0859375
"471",144,566,41558.453125
"472",144,578,58181.79296875
"473",144,612,41558.453125
"474",144,636,153766.21875
"475",144,644,16623.373046875
"476",144,686,182857.203125
"477",146,111,6046754
"478",146,112,3549090.5
"479",146,122,606752.9375
"480",146,128,573506.375
"481",146,132,5269608.5
"482",146,134,4775067.5
"483",146,136,3100260.5
"484",146,138,1525194.875
"485",146,142,149610.359375
"486",146,144,652467.375
"487",146,156,1279999.625
"488",146,158,236883.171875
"489",146,172,83116.8671875
"490",146,174,74805.21875
"491",146,178,54025.99609375
"492",146,182,178701.234375
"493",146,184,398960.96875
"494",146,186,132987.046875
"495",146,193,307532.59375
"496",146,196,33246.76171875
"497",146,199,1358960.375
"498",146,213,1196883.5
"499",146,223,752207.4375
"500",146,228,70649.3671875
"501",146,233,91428.5546875
"502",146,238,83116.8671875
"503",146,243,24935.060546875
"504",146,248,29090.912109375
"505",146,253,49870.14453125
"506",146,258,99740.2421875
"507",146,268,8311.6904296875
"508",146,273,436363.46875
"509",146,278,12467.5361328125
"510",146,288,70649.3671875
"511",146,293,265973.96875
"512",146,298,257662.265625
"513",146,299,70649.3671875
"514",146,436,33246.76171875
"515",146,469,594285.6875
"516",146,524,120519.5
"517",146,534,187012.953125
"518",146,564,12467.5361328125
"519",146,566,340779.125
"520",146,578,128831.1953125
"521",146,612,112207.828125
"522",146,636,137142.84375
"523",146,644,49870.14453125
"524",146,686,66493.4921875
"525",146,694,8311.6904296875
"526",156,111,89853584
"527",156,112,17022350
"528",156,122,41558.453125
"529",156,128,58181.79296875
"530",156,132,619220.625
"531",156,134,461298.875
"532",156,136,394805.09375
"533",156,138,374026.09375
"534",156,142,58181.79296875
"535",156,144,216103.984375
"536",156,146,606752.9375
"537",156,158,507012.78125
"538",156,172,4155.84326171875
"539",156,174,4155.84326171875
"540",156,176,8311.6904296875
"541",156,178,4155.84326171875
"542",156,182,87272.6953125
"543",156,184,145454.5625
"544",156,186,49870.14453125
"545",156,193,1396363.125
"546",156,196,498701.21875
"547",156,199,207792.265625
"548",156,213,457142.78125
"549",156,218,99740.2421875
"550",156,223,1188570.875
"551",156,228,54025.99609375
"552",156,233,556882.875
"553",156,238,141298.671875
"554",156,243,45714.30078125
"555",156,248,58181.79296875
"556",156,253,33246.76171875
"557",156,258,241038.890625
"558",156,268,232727.1875
"559",156,273,1379739.625
"560",156,278,12467.5361328125
"561",156,283,224415.546875
"562",156,288,12467.5361328125
"563",156,293,166233.8125
"564",156,298,116363.6484375
"565",156,299,3673766
"566",156,343,793766.125
"567",156,369,635844.3125
"568",156,436,16623.373046875
"569",156,469,29090.912109375
"570",156,524,739740.1875
"571",156,534,1562597.25
"572",156,564,70649.3671875
"573",156,566,270130
"574",156,578,45714.30078125
"575",156,636,58181.79296875
"576",156,652,374026.09375
"577",156,686,29090.912109375
"578",156,694,58181.79296875
"579",158,111,17745470
"580",158,112,265973.96875
"581",158,122,20779.216796875
"582",158,128,12467.5361328125
"583",158,132,199480.578125
"584",158,134,365714.21875
"585",158,136,49870.14453125
"586",158,138,49870.14453125
"587",158,142,83116.8671875
"588",158,144,241038.890625
"589",158,146,12467.5361328125
"590",158,156,635844.3125
"591",158,172,54025.99609375
"592",158,184,12467.5361328125
"593",158,193,3175064.75
"594",158,196,91428.5546875
"595",158,199,137142.84375
"596",158,213,1275843.75
"597",158,218,4155.84326171875
"598",158,223,66493.4921875
"599",158,233,24935.060546875
"600",158,248,4155.84326171875
"601",158,273,702337.6875
"602",158,278,12467.5361328125
"603",158,288,4155.84326171875
"604",158,293,20779.216796875
"605",158,298,207792.265625
"606",158,299,8311.6904296875
"607",158,343,8311.6904296875
"608",158,469,507012.78125
"609",158,518,735584.6875
"610",158,524,8311.6904296875
"611",158,534,739740.1875
"612",158,564,1616622.75
"613",158,566,935064.8125
"614",158,578,1807791.75
"615",158,612,54025.99609375
"616",158,636,54025.99609375
"617",158,664,54025.99609375
"618",158,686,49870.14453125
"619",172,111,943376.9375
"620",172,112,2638962.25
"621",172,122,70649.3671875
"622",172,128,1080518.875
"623",172,132,860259.5625
"624",172,134,980779.0625
"625",172,136,490389.78125
"626",172,138,1138701.625
"627",172,142,261818.21875
"628",172,144,997402.875
"629",172,146,124675.3046875
"630",172,156,20779.216796875
"631",172,158,62337.6796875
"632",172,174,124675.3046875
"633",172,178,4155.84326171875
"634",172,182,4155.84326171875
"635",172,184,58181.79296875
"636",172,186,87272.6953125
"637",172,193,303376.625
"638",172,196,20779.216796875
"639",172,199,37402.58984375
"640",172,213,660778.875
"641",172,223,569350.5625
"642",172,233,99740.2421875
"643",172,273,16623.373046875
"644",172,299,41558.453125
"645",172,436,54025.99609375
"646",172,469,66493.4921875
"647",172,524,16623.373046875
"648",172,534,37402.58984375
"649",172,564,62337.6796875
"650",172,612,4155.84326171875
"651",172,686,62337.6796875
"652",174,111,5772467.5
"653",174,112,2202596.25
"654",174,122,336623.3125
"655",174,128,191168.875
"656",174,132,623376.5
"657",174,134,1421299
"658",174,136,1092986.75
"659",174,138,357402.625
"660",174,142,157922.109375
"661",174,144,660778.875
"662",174,146,87272.6953125
"663",174,156,49870.14453125
"664",174,172,137142.84375
"665",174,176,78961.015625
"666",174,186,448831.3125
"667",174,193,311688.40625
"668",174,213,49870.14453125
"669",174,223,91428.5546875
"670",174,228,24935.060546875
"671",174,423,41558.453125
"672",174,469,45714.30078125
"673",174,534,99740.2421875
"674",176,111,307532.59375
"675",176,112,365714.21875
"676",176,122,12467.5361328125
"677",176,128,116363.6484375
"678",176,132,16623.373046875
"679",176,134,49870.14453125
"680",176,136,29090.912109375
"681",176,138,41558.453125
"682",176,142,24935.060546875
"683",176,144,45714.30078125
"684",176,146,8311.6904296875
"685",176,156,29090.912109375
"686",176,172,49870.14453125
"687",176,184,29090.912109375
"688",176,223,29090.912109375
"689",178,111,2568312.25
"690",178,112,9816105
"691",178,122,16623.373046875
"692",178,128,62337.6796875
"693",178,132,295064.90625
"694",178,134,220259.734375
"695",178,136,112207.828125
"696",178,138,336623.3125
"697",178,142,33246.76171875
"698",178,144,423896.21875
"699",178,146,78961.015625
"700",178,156,706493.375
"701",178,158,20779.216796875
"702",178,172,295064.90625
"703",178,174,191168.875
"704",178,176,4155.84326171875
"705",178,182,54025.99609375
"706",178,184,112207.828125
"707",178,186,62337.6796875
"708",178,193,103896.0859375
"709",178,196,78961.015625
"710",178,199,83116.8671875
"711",178,213,132987.046875
"712",178,223,58181.79296875
"713",178,228,4155.84326171875
"714",178,273,8311.6904296875
"715",178,288,4155.84326171875
"716",178,293,8311.6904296875
"717",178,298,20779.216796875
"718",178,299,8311.6904296875
"719",178,423,8311.6904296875
"720",178,436,24935.060546875
"721",178,469,24935.060546875
"722",178,524,49870.14453125
"723",178,534,561039.125
"724",178,564,24935.060546875
"725",178,566,49870.14453125
"726",178,578,12467.5361328125
"727",178,612,29090.912109375
"728",178,636,37402.58984375
"729",178,686,20779.216796875
"730",182,111,1782856.25
"731",182,112,1953246.625
"732",182,122,24935.060546875
"733",182,128,99740.2421875
"734",182,132,573506.375
"735",182,134,428052.03125
"736",182,136,137142.84375
"737",182,138,365714.21875
"738",182,142,91428.5546875
"739",182,144,249350.71875
"740",182,146,419740.3125
"741",182,156,253506.515625
"742",182,158,4155.84326171875
"743",182,172,4155.84326171875
"744",182,174,8311.6904296875
"745",182,176,24935.060546875
"746",182,178,8311.6904296875
"747",182,184,95584.3984375
"748",182,193,24935.060546875
"749",182,199,45714.30078125
"750",182,213,236883.171875
"751",182,223,203636.4375
"752",182,228,70649.3671875
"753",182,273,20779.216796875
"754",182,293,20779.216796875
"755",182,299,12467.5361328125
"756",182,469,49870.14453125
"757",182,524,4155.84326171875
"758",182,534,41558.453125
"759",182,564,95584.3984375
"760",182,612,4155.84326171875
"761",182,686,112207.828125
"762",184,111,2136104.5
"763",184,112,1151168.75
"764",184,122,120519.5
"765",184,128,207792.265625
"766",184,132,1275843.75
"767",184,134,669091
"768",184,136,174545.46875
"769",184,138,386493.40625
"770",184,142,282597.46875
"771",184,144,357402.625
"772",184,146,286753.3125
"773",184,156,149610.359375
"774",184,158,12467.5361328125
"775",184,172,49870.14453125
"776",184,178,29090.912109375
"777",184,182,91428.5546875
"778",184,186,16623.373046875
"779",184,193,278441.5625
"780",184,199,24935.060546875
"781",184,213,432207.75
"782",184,218,66493.4921875
"783",184,223,527791.9375
"784",184,228,498701.21875
"785",184,243,162077.90625
"786",184,273,12467.5361328125
"787",184,288,62337.6796875
"788",184,299,120519.5
"789",184,469,124675.3046875
"790",184,534,257662.265625
"791",184,566,95584.3984375
"792",184,612,20779.216796875
"793",184,636,29090.912109375
"794",184,686,216103.984375
"795",186,111,2909091.25
"796",186,112,1230130.375
"797",186,122,270130
"798",186,128,83116.8671875
"799",186,132,590129.5625
"800",186,134,2086233.625
"801",186,136,556882.875
"802",186,138,340779.125
"803",186,142,78961.015625
"804",186,144,224415.546875
"805",186,146,162077.90625
"806",186,156,145454.5625
"807",186,172,103896.0859375
"808",186,174,20779.216796875
"809",186,178,4155.84326171875
"810",186,184,4155.84326171875
"811",186,193,170389.640625
"812",186,196,4155.84326171875
"813",186,199,29090.912109375
"814",186,223,228571.5
"815",186,436,4155.84326171875
"816",186,469,29090.912109375
"817",186,524,8311.6904296875
"818",186,534,145454.5625
"819",186,564,108051.9375
"820",193,111,5362285
"821",193,112,32699420
"822",193,122,118857.140625
"823",193,128,45714.30078125
"824",193,132,1371429.125
"825",193,134,1170285.5
"826",193,136,1412571.125
"827",193,138,557714.0625
"828",193,142,347428.5
"829",193,144,1069714.25
"830",193,146,292571.375
"831",193,156,1449142.25
"832",193,158,978285.8125
"833",193,172,169142.84375
"834",193,182,22857.138671875
"835",193,184,45714.30078125
"836",193,186,9142.859375
"837",193,196,516571.625
"838",193,199,489142.6875
"839",193,213,13714.2900390625
"840",193,223,466285.84375
"841",193,228,41142.8515625
"842",193,293,4571.427734375
"843",193,298,45714.30078125
"844",193,343,4571.427734375
"845",193,369,9142.859375
"846",193,469,63999.9765625
"847",193,524,1074285.125
"848",193,534,2948572
"849",193,564,292571.375
"850",193,566,4571.427734375
"851",193,578,9142.859375
"852",193,636,123428.609375
"853",193,644,4571.427734375
"854",193,652,173714.328125
"855",193,664,105142.8359375
"856",196,111,1467428.75
"857",196,112,12146290
"858",196,122,4571.427734375
"859",196,128,9142.859375
"860",196,132,155428.53125
"861",196,134,27428.56640625
"862",196,136,32000.00390625
"863",196,138,73142.84375
"864",196,142,77714.3046875
"865",196,144,155428.53125
"866",196,146,50285.73046875
"867",196,156,452571.59375
"868",196,158,59428.59765625
"869",196,172,13714.2900390625
"870",196,182,9142.859375
"871",196,184,4571.427734375
"872",196,186,9142.859375
"873",196,193,2432000.25
"874",196,199,128000.015625
"875",196,223,9142.859375
"876",196,228,9142.859375
"877",196,469,9142.859375
"878",196,518,4571.427734375
"879",196,524,251428.671875
"880",196,534,283428.5
"881",196,578,4571.427734375
"882",196,664,13714.2900390625
"883",218,111,1074285.125
"884",218,112,178285.703125
"885",218,132,9142.859375
"886",218,134,18285.7109375
"887",218,136,9142.859375
"888",218,138,9142.859375
"889",218,144,32000.00390625
"890",218,146,50285.73046875
"891",218,184,45714.30078125
"892",218,213,447999.96875
"893",218,223,50285.73046875
"894",218,228,132571.453125
"895",218,293,249350.71875
"896",223,111,17307438
"897",223,112,6189712
"898",223,122,45714.30078125
"899",223,128,374857.0625
"900",223,132,2336000.75
"901",223,134,868571.6875
"902",223,136,649142.5625
"903",223,138,1147428
"904",223,142,649142.5625
"905",223,144,2180571.5
"906",223,146,763428.8125
"907",223,156,580571.125
"908",223,158,59428.59765625
"909",223,172,274285.8125
"910",223,174,22857.138671875
"911",223,176,9142.859375
"912",223,182,319999.90625
"913",223,184,342857.25
"914",223,186,13714.2900390625
"915",223,193,41142.8515625
"916",223,199,141714.3125
"917",223,213,5014857.5
"918",223,218,4571.427734375
"919",223,228,694857.3125
"920",223,273,45714.30078125
"921",223,293,22857.138671875
"922",223,298,370285.65625
"923",223,299,786285.4375
"924",223,369,777142.6875
"925",223,534,63999.9765625
"926",223,564,82285.7421875
"927",223,612,68571.453125
"928",223,664,9142.859375
"929",223,686,59428.59765625
"930",228,111,4924676
"931",228,112,1188570.875
"932",228,122,4155.84326171875
"933",228,128,49870.14453125
"934",228,132,211948
"935",228,134,211948
"936",228,136,116363.6484375
"937",228,138,70649.3671875
"938",228,142,41558.453125
"939",228,144,191168.875
"940",228,146,153766.21875
"941",228,156,91428.5546875
"942",228,172,12467.5361328125
"943",228,182,8311.6904296875
"944",228,184,270130
"945",228,193,29090.912109375
"946",228,199,16623.373046875
"947",228,213,556882.875
"948",228,218,4155.84326171875
"949",228,223,465454.59375
"950",228,248,70649.3671875
"951",228,273,12467.5361328125
"952",228,288,4155.84326171875
"953",228,293,743895.75
"954",228,298,4155.84326171875
"955",228,469,145454.5625
"956",228,534,70649.3671875
"957",233,111,10614024
"958",233,112,702337.6875
"959",233,122,37402.58984375
"960",233,128,24935.060546875
"961",233,132,241038.890625
"962",233,134,694026.1875
"963",233,136,141298.671875
"964",233,138,103896.0859375
"965",233,142,4155.84326171875
"966",233,144,328311.5625
"967",233,146,286753.3125
"968",233,156,419740.3125
"969",233,158,16623.373046875
"970",233,172,58181.79296875
"971",233,182,20779.216796875
"972",233,184,12467.5361328125
"973",233,193,4155.84326171875
"974",233,199,12467.5361328125
"975",233,213,95584.3984375
"976",233,223,45714.30078125
"977",233,228,45714.30078125
"978",233,238,20779.216796875
"979",233,248,137142.84375
"980",233,273,33246.76171875
"981",233,278,4155.84326171875
"982",233,283,20779.216796875
"983",233,293,311688.40625
"984",233,298,29090.912109375
"985",233,299,33246.76171875
"986",233,566,41558.453125
"987",238,111,1284155.5
"988",238,112,103896.0859375
"989",238,132,12467.5361328125
"990",238,134,78961.015625
"991",238,136,24935.060546875
"992",238,138,8311.6904296875
"993",238,144,8311.6904296875
"994",238,146,16623.373046875
"995",238,156,91428.5546875
"996",238,158,20779.216796875
"997",238,248,4155.84326171875
"998",238,253,4155.84326171875
"999",238,268,16623.373046875
"1000",238,273,24935.060546875
"1001",238,278,8311.6904296875
"1002",238,283,4155.84326171875
"1003",238,293,4155.84326171875
"1004",238,534,12467.5361328125
"1005",243,111,1467428.75
"1006",243,112,45714.30078125
"1007",243,132,9142.859375
"1008",243,134,32000.00390625
"1009",243,136,13714.2900390625
"1010",243,138,4571.427734375
"1011",243,144,4571.427734375
"1012",243,146,9142.859375
"1013",243,156,91428.5546875
"1014",243,158,22857.138671875
"1015",243,184,13714.2900390625
"1016",243,273,22857.138671875
"1017",243,534,68571.453125
"1018",248,111,1257142.125
"1019",248,112,150857.125
"1020",248,132,27428.56640625
"1021",248,134,91428.5546875
"1022",248,136,36571.4375
"1023",248,138,4571.427734375
"1024",248,142,4571.427734375
"1025",248,144,41142.8515625
"1026",248,146,45714.30078125
"1027",248,156,54857.16015625
"1028",248,158,9142.859375
"1029",248,172,4571.427734375
"1030",248,228,22857.138671875
"1031",248,233,4571.427734375
"1032",248,293,22857.138671875
"1033",248,534,4571.427734375
"1034",253,111,1317402
"1035",253,112,66493.4921875
"1036",253,128,8311.6904296875
"1037",253,132,16623.373046875
"1038",253,134,54025.99609375
"1039",253,136,45714.30078125
"1040",253,138,49870.14453125
"1041",253,144,24935.060546875
"1042",253,146,20779.216796875
"1043",253,156,54025.99609375
"1044",253,158,16623.373046875
"1045",253,184,4155.84326171875
"1046",253,228,8311.6904296875
"1047",253,258,8311.6904296875
"1048",253,268,87272.6953125
"1049",253,273,41558.453125
"1050",253,278,16623.373046875
"1051",253,293,33246.76171875
"1052",258,111,2023895.125
"1053",258,112,91428.5546875
"1054",258,132,20779.216796875
"1055",258,134,83116.8671875
"1056",258,136,20779.216796875
"1057",258,138,12467.5361328125
"1058",258,144,12467.5361328125
"1059",258,146,24935.060546875
"1060",258,156,91428.5546875
"1061",258,158,8311.6904296875
"1062",258,184,8311.6904296875
"1063",258,253,62337.6796875
"1064",258,268,4155.84326171875
"1065",258,273,187012.953125
"1066",258,293,12467.5361328125
"1067",258,299,12467.5361328125
"1068",258,534,24935.060546875
"1069",268,111,1170285.5
"1070",268,112,36571.4375
"1071",268,132,4571.427734375
"1072",268,134,18285.7109375
"1073",268,136,4571.427734375
"1074",268,146,4571.427734375
"1075",268,156,13714.2900390625
"1076",268,158,13714.2900390625
"1077",268,243,4571.427734375
"1078",268,253,73142.84375
"1079",268,258,4571.427734375
"1080",268,273,45714.30078125
"1081",268,278,4571.427734375
"1082",268,293,13714.2900390625
"1083",268,299,4571.427734375
"1084",273,111,17853498
"1085",273,112,482078
"1086",273,122,8311.6904296875
"1087",273,128,4155.84326171875
"1088",273,132,249350.71875
"1089",273,134,299220.875
"1090",273,136,162077.90625
"1091",273,138,70649.3671875
"1092",273,142,24935.060546875
"1093",273,144,295064.90625
"1094",273,146,220259.734375
"1095",273,156,473766.125
"1096",273,158,45714.30078125
"1097",273,172,8311.6904296875
"1098",273,182,29090.912109375
"1099",273,184,116363.6484375
"1100",273,193,170389.640625
"1101",273,196,24935.060546875
"1102",273,199,4155.84326171875
"1103",273,213,33246.76171875
"1104",273,223,4155.84326171875
"1105",273,228,8311.6904296875
"1106",273,258,12467.5361328125
"1107",273,293,4155.84326171875
"1108",273,298,16623.373046875
"1109",273,524,20779.216796875
"1110",273,534,12467.5361328125
"1111",278,111,914286
"1112",278,112,32000.00390625
"1113",278,132,4571.427734375
"1114",278,134,13714.2900390625
"1115",278,146,4571.427734375
"1116",278,156,13714.2900390625
"1117",278,158,4571.427734375
"1118",278,238,4571.427734375
"1119",278,253,9142.859375
"1120",278,273,22857.138671875
"1121",278,283,4571.427734375
"1122",278,293,4571.427734375
"1123",283,111,2011428.375
"1124",283,112,100571.4140625
"1125",283,128,4571.427734375
"1126",283,132,27428.56640625
"1127",283,134,22857.138671875
"1128",283,136,13714.2900390625
"1129",283,138,13714.2900390625
"1130",283,144,18285.7109375
"1131",283,146,18285.7109375
"1132",283,156,86857.125
"1133",283,158,18285.7109375
"1134",283,196,18285.7109375
"1135",283,213,13714.2900390625
"1136",283,228,219428.640625
"1137",283,233,27428.56640625
"1138",283,238,9142.859375
"1139",283,248,22857.138671875
"1140",283,253,4571.427734375
"1141",283,258,9142.859375
"1142",283,268,9142.859375
"1143",283,273,45714.30078125
"1144",283,566,4571.427734375
"1145",283,686,9142.859375
"1146",293,111,4097663
"1147",293,112,1284155.5
"1148",293,122,49870.14453125
"1149",293,128,16623.373046875
"1150",293,132,141298.671875
"1151",293,134,207792.265625
"1152",293,136,120519.5
"1153",293,138,137142.84375
"1154",293,142,16623.373046875
"1155",293,144,128831.1953125
"1156",293,146,191168.875
"1157",293,156,157922.109375
"1158",293,158,12467.5361328125
"1159",293,172,8311.6904296875
"1160",293,182,4155.84326171875
"1161",293,184,12467.5361328125
"1162",293,193,216103.984375
"1163",293,213,282597.46875
"1164",293,228,91428.5546875
"1165",293,238,4155.84326171875
"1166",293,248,191168.875
"1167",293,273,16623.373046875
"1168",293,278,8311.6904296875
"1169",293,298,12467.5361328125
"1170",293,524,4155.84326171875
"1171",293,534,83116.8671875
"1172",293,686,4155.84326171875
"1173",298,111,1629090.75
"1174",298,112,1899220.375
"1175",298,122,8311.6904296875
"1176",298,128,37402.58984375
"1177",298,132,602597.5
"1178",298,134,440519.65625
"1179",298,136,303376.625
"1180",298,138,120519.5
"1181",298,142,12467.5361328125
"1182",298,144,278441.5625
"1183",298,146,132987.046875
"1184",298,156,74805.21875
"1185",298,158,12467.5361328125
"1186",298,172,54025.99609375
"1187",298,182,12467.5361328125
"1188",298,184,70649.3671875
"1189",298,186,8311.6904296875
"1190",298,199,58181.79296875
"1191",298,213,128831.1953125
"1192",298,223,714804.9375
"1193",298,228,16623.373046875
"1194",298,233,24935.060546875
"1195",298,243,4155.84326171875
"1196",298,248,24935.060546875
"1197",298,273,20779.216796875
"1198",298,288,207792.265625
"1199",298,293,236883.171875
"1200",298,299,220259.734375
"1201",298,423,4155.84326171875
"1202",298,524,20779.216796875
"1203",298,534,70649.3671875
"1204",298,612,8311.6904296875
"1205",298,652,4155.84326171875
"1206",298,664,12467.5361328125
"1207",298,686,12467.5361328125
"1208",299,111,16822846
"1209",299,112,1807791.75
"1210",299,122,24935.060546875
"1211",299,128,187012.953125
"1212",299,132,469610.53125
"1213",299,134,727272.8125
"1214",299,136,598441.4375
"1215",299,138,319999.90625
"1216",299,142,24935.060546875
"1217",299,144,178701.234375
"1218",299,146,253506.515625
"1219",299,156,943376.9375
"1220",299,158,132987.046875
"1221",299,172,12467.5361328125
"1222",299,178,4155.84326171875
"1223",299,182,54025.99609375
"1224",299,184,132987.046875
"1225",299,186,4155.84326171875
"1226",299,193,4155.84326171875
"1227",299,213,170389.640625
"1228",299,223,58181.79296875
"1229",299,228,16623.373046875
"1230",299,233,70649.3671875
"1231",299,238,8311.6904296875
"1232",299,243,8311.6904296875
"1233",299,248,87272.6953125
"1234",299,253,4155.84326171875
"1235",299,268,8311.6904296875
"1236",299,273,74805.21875
"1237",299,283,12467.5361328125
"1238",299,293,132987.046875
"1239",299,298,12467.5361328125
"1240",299,369,29090.912109375
"1241",299,524,4155.84326171875
"1242",299,534,29090.912109375
"1243",299,566,170389.640625
"1244",299,578,4155.84326171875
"1245",343,111,369869.90625
"1246",343,112,1113766.25
"1247",343,128,4155.84326171875
"1248",343,132,12467.5361328125
"1249",343,134,29090.912109375
"1250",343,136,12467.5361328125
"1251",343,138,24935.060546875
"1252",343,142,8311.6904296875
"1253",343,144,4155.84326171875
"1254",343,156,311688.40625
"1255",343,158,112207.828125
"1256",343,193,54025.99609375
"1257",343,196,45714.30078125
"1258",343,199,12467.5361328125
"1259",343,223,8311.6904296875
"1260",343,248,20779.216796875
"1261",343,278,4155.84326171875
"1262",343,299,4155.84326171875
"1263",343,369,78961.015625
"1264",343,518,4155.84326171875
"1265",343,534,87272.6953125
"1266",343,578,4155.84326171875
"1267",369,111,332467.46875
"1268",369,112,1654025.75
"1269",369,122,4155.84326171875
"1270",369,128,20779.216796875
"1271",369,132,29090.912109375
"1272",369,134,20779.216796875
"1273",369,136,24935.060546875
"1274",369,138,99740.2421875
"1275",369,142,8311.6904296875
"1276",369,144,8311.6904296875
"1277",369,156,344934.90625
"1278",369,158,29090.912109375
"1279",369,174,4155.84326171875
"1280",369,178,4155.84326171875
"1281",369,193,166233.8125
"1282",369,196,20779.216796875
"1283",369,199,12467.5361328125
"1284",369,213,8311.6904296875
"1285",369,233,162077.90625
"1286",369,278,4155.84326171875
"1287",369,299,843635.9375
"1288",369,524,4155.84326171875
"1289",369,534,37402.58984375
"1290",423,111,74805.21875
"1291",423,112,731428.8125
"1292",423,122,20779.216796875
"1293",423,128,8311.6904296875
"1294",423,132,33246.76171875
"1295",423,134,33246.76171875
"1296",423,136,87272.6953125
"1297",423,138,37402.58984375
"1298",423,142,4155.84326171875
"1299",423,144,33246.76171875
"1300",423,174,12467.5361328125
"1301",423,182,20779.216796875
"1302",423,186,8311.6904296875
"1303",423,193,99740.2421875
"1304",423,199,4155.84326171875
"1305",423,223,8311.6904296875
"1306",423,436,4155.84326171875
"1307",423,469,33246.76171875
"1308",423,534,41558.453125
"1309",436,111,4384414.5
"1310",436,112,1051428.875
"1311",436,122,191168.875
"1312",436,128,162077.90625
"1313",436,132,261818.21875
"1314",436,134,157922.109375
"1315",436,136,652467.375
"1316",436,138,236883.171875
"1317",436,142,78961.015625
"1318",436,144,191168.875
"1319",436,146,191168.875
"1320",436,156,502857.09375
"1321",436,158,4155.84326171875
"1322",436,172,83116.8671875
"1323",436,174,4155.84326171875
"1324",436,176,29090.912109375
"1325",436,178,20779.216796875
"1326",436,184,8311.6904296875
"1327",436,193,95584.3984375
"1328",436,196,4155.84326171875
"1329",436,199,477922
"1330",436,213,124675.3046875
"1331",436,223,124675.3046875
"1332",436,273,8311.6904296875
"1333",436,298,62337.6796875
"1334",436,369,8311.6904296875
"1335",436,423,116363.6484375
"1336",436,469,8311.6904296875
"1337",436,518,8311.6904296875
"1338",436,524,12467.5361328125
"1339",436,534,33246.76171875
"1340",436,564,4155.84326171875
"1341",436,566,91428.5546875
"1342",436,612,24935.060546875
"1343",436,644,8311.6904296875
"1344",436,686,24935.060546875
"1345",469,111,1504415.625
"1346",469,112,4928829.5
"1347",469,122,220259.734375
"1348",469,128,108051.9375
"1349",469,132,2485194.75
"1350",469,134,731428.8125
"1351",469,136,1845195.5
"1352",469,138,984935.1875
"1353",469,142,398960.96875
"1354",469,144,577662.25
"1355",469,146,407272.6875
"1356",469,156,211948
"1357",469,158,145454.5625
"1358",469,172,295064.90625
"1359",469,174,108051.9375
"1360",469,182,41558.453125
"1361",469,184,112207.828125
"1362",469,186,286753.3125
"1363",469,193,1537661.5
"1364",469,196,12467.5361328125
"1365",469,199,876882.9375
"1366",469,213,12467.5361328125
"1367",469,223,137142.84375
"1368",469,228,768831.125
"1369",469,423,54025.99609375
"1370",469,524,590129.5625
"1371",469,534,673247
"1372",469,564,33246.76171875
"1373",469,612,70649.3671875
"1374",469,644,16623.373046875
"1375",469,686,20779.216796875
"1376",518,111,128831.1953125
"1377",518,112,1109610.25
"1378",518,122,8311.6904296875
"1379",518,128,12467.5361328125
"1380",518,132,4155.84326171875
"1381",518,136,70649.3671875
"1382",518,138,78961.015625
"1383",518,142,12467.5361328125
"1384",518,144,8311.6904296875
"1385",518,146,4155.84326171875
"1386",518,158,490389.78125
"1387",518,172,4155.84326171875
"1388",518,193,99740.2421875
"1389",518,196,4155.84326171875
"1390",518,524,4155.84326171875
"1391",518,534,2061299.125
"1392",518,564,12467.5361328125
"1393",518,578,20779.216796875
"1394",524,111,303376.625
"1395",524,112,2023895.125
"1396",524,122,4155.84326171875
"1397",524,128,4155.84326171875
"1398",524,132,62337.6796875
"1399",524,134,78961.015625
"1400",524,136,108051.9375
"1401",524,138,103896.0859375
"1402",524,142,16623.373046875
"1403",524,144,37402.58984375
"1404",524,146,33246.76171875
"1405",524,156,178701.234375
"1406",524,158,270130
"1407",524,178,8311.6904296875
"1408",524,184,4155.84326171875
"1409",524,193,698181.875
"1410",524,199,20779.216796875
"1411",524,223,8311.6904296875
"1412",524,293,33246.76171875
"1413",524,423,16623.373046875
"1414",524,469,182857.203125
"1415",524,518,1990648.625
"1416",524,534,1579220.375
"1417",524,564,116363.6484375
"1418",524,578,494545.25
"1419",524,644,62337.6796875
"1420",524,664,24935.060546875
"1421",524,686,8311.6904296875
"1422",534,111,8793765
"1423",534,112,10256626
"1424",534,122,95584.3984375
"1425",534,128,137142.84375
"1426",534,132,627532.1875
"1427",534,134,656623.4375
"1428",534,136,797922.3125
"1429",534,138,415584.34375
"1430",534,142,170389.640625
"1431",534,144,398960.96875
"1432",534,146,610909.0625
"1433",534,156,918441.5
"1434",534,158,648311.625
"1435",534,172,95584.3984375
"1436",534,178,4155.84326171875
"1437",534,182,16623.373046875
"1438",534,184,12467.5361328125
"1439",534,186,8311.6904296875
"1440",534,193,3798442.5
"1441",534,196,137142.84375
"1442",534,213,8311.6904296875
"1443",534,273,33246.76171875
"1444",534,293,241038.890625
"1445",534,423,4155.84326171875
"1446",534,469,2323117.5
"1447",534,518,1097143.25
"1448",534,524,311688.40625
"1449",534,564,3557403
"1450",534,566,33246.76171875
"1451",534,578,536103.9375
"1452",534,636,91428.5546875
"1453",534,644,4155.84326171875
"1454",534,664,1525194.875
"1455",534,686,4155.84326171875
"1456",564,111,1367272.375
"1457",564,112,3835842.75
"1458",564,122,33246.76171875
"1459",564,128,16623.373046875
"1460",564,132,116363.6484375
"1461",564,134,282597.46875
"1462",564,136,739740.1875
"1463",564,138,228571.5
"1464",564,142,41558.453125
"1465",564,144,95584.3984375
"1466",564,146,66493.4921875
"1467",564,156,95584.3984375
"1468",564,158,2173506.25
"1469",564,172,16623.373046875
"1470",564,184,24935.060546875
"1471",564,193,29090.912109375
"1472",564,199,120519.5
"1473",564,469,153766.21875
"1474",564,518,45714.30078125
"1475",564,524,340779.125
"1476",564,534,3303897.75
"1477",564,578,8311.6904296875
"1478",564,664,8311.6904296875
"1479",566,111,11684583
"1480",566,112,237714.15625
"1481",566,128,4571.427734375
"1482",566,132,27428.56640625
"1483",566,134,118857.140625
"1484",566,136,141714.3125
"1485",566,138,54857.16015625
"1486",566,142,4571.427734375
"1487",566,144,22857.138671875
"1488",566,146,59428.59765625
"1489",566,156,402285.65625
"1490",566,158,649142.5625
"1491",566,184,41142.8515625
"1492",566,193,68571.453125
"1493",566,213,9142.859375
"1494",566,298,4571.427734375
"1495",566,469,9142.859375
"1496",566,524,27428.56640625
"1497",566,534,100571.4140625
"1498",566,578,41142.8515625
"1499",612,111,752207.4375
"1500",612,112,228571.5
"1501",612,122,8311.6904296875
"1502",612,128,54025.99609375
"1503",612,132,13805722
"1504",612,134,70649.3671875
"1505",612,136,149610.359375
"1506",612,138,149610.359375
"1507",612,144,58181.79296875
"1508",612,146,87272.6953125
"1509",612,156,20779.216796875
"1510",612,158,29090.912109375
"1511",612,172,33246.76171875
"1512",612,182,99740.2421875
"1513",612,184,4155.84326171875
"1514",612,213,8311.6904296875
"1515",612,223,132987.046875
"1516",612,243,12467.5361328125
"1517",612,299,8311.6904296875
"1518",612,534,4155.84326171875
"1519",612,686,220259.734375
"1520",636,111,1986493.5
"1521",636,112,727272.8125
"1522",636,128,16623.373046875
"1523",636,132,141298.671875
"1524",636,134,170389.640625
"1525",636,136,108051.9375
"1526",636,138,149610.359375
"1527",636,142,4155.84326171875
"1528",636,144,37402.58984375
"1529",636,146,149610.359375
"1530",636,156,83116.8671875
"1531",636,158,153766.21875
"1532",636,182,49870.14453125
"1533",636,193,4155.84326171875
"1534",636,199,311688.40625
"1535",636,213,4155.84326171875
"1536",636,369,4155.84326171875
"1537",636,534,45714.30078125
"1538",636,664,91428.5546875
"1539",644,111,99740.2421875
"1540",644,112,166233.8125
"1541",644,132,12467.5361328125
"1542",644,134,16623.373046875
"1543",644,136,83116.8671875
"1544",644,138,12467.5361328125
"1545",644,144,12467.5361328125
"1546",644,146,24935.060546875
"1547",644,158,87272.6953125
"1548",644,174,4155.84326171875
"1549",644,469,20779.216796875
"1550",644,534,336623.3125
"1551",644,664,12467.5361328125
"1552",652,111,311688.40625
"1553",652,112,3129350.5
"1554",652,128,16623.373046875
"1555",652,132,49870.14453125
"1556",652,134,132987.046875
"1557",652,136,74805.21875
"1558",652,138,332467.46875
"1559",652,142,16623.373046875
"1560",652,144,16623.373046875
"1561",652,146,8311.6904296875
"1562",652,156,45714.30078125
"1563",652,158,290908.96875
"1564",652,178,4155.84326171875
"1565",652,182,8311.6904296875
"1566",652,193,62337.6796875
"1567",652,199,78961.015625
"1568",652,223,4155.84326171875
"1569",652,369,20779.216796875
"1570",652,469,58181.79296875
"1571",652,534,124675.3046875
"1572",652,664,4155.84326171875
"1573",652,694,12467.5361328125
"1574",664,111,187012.953125
"1575",664,112,2277402.25
"1576",664,122,4155.84326171875
"1577",664,128,16623.373046875
"1578",664,132,62337.6796875
"1579",664,134,45714.30078125
"1580",664,136,62337.6796875
"1581",664,138,41558.453125
"1582",664,142,8311.6904296875
"1583",664,144,33246.76171875
"1584",664,146,8311.6904296875
"1585",664,156,20779.216796875
"1586",664,158,41558.453125
"1587",664,172,4155.84326171875
"1588",664,182,4155.84326171875
"1589",664,193,12467.5361328125
"1590",664,199,166233.8125
"1591",664,534,315844.0625
"1592",664,578,33246.76171875
"1593",664,636,4155.84326171875
"1594",686,111,1126234.25
"1595",686,112,228571.5
"1596",686,122,8311.6904296875
"1597",686,128,91428.5546875
"1598",686,132,8299220
"1599",686,134,116363.6484375
"1600",686,136,166233.8125
"1601",686,138,187012.953125
"1602",686,142,12467.5361328125
"1603",686,144,70649.3671875
"1604",686,146,66493.4921875
"1605",686,156,12467.5361328125
"1606",686,158,66493.4921875
"1607",686,172,24935.060546875
"1608",686,182,120519.5
"1609",686,184,58181.79296875
"1610",686,213,49870.14453125
"1611",686,223,74805.21875
"1612",686,243,4155.84326171875
"1613",686,273,16623.373046875
"1614",686,278,4155.84326171875
"1615",686,534,41558.453125
"1616",686,612,265973.96875
"1617",694,111,290908.96875
"1618",694,112,4305455.5
"1619",694,122,8311.6904296875
"1620",694,128,12467.5361328125
"1621",694,132,70649.3671875
"1622",694,134,162077.90625
"1623",694,136,141298.671875
"1624",694,138,191168.875
"1625",694,142,66493.4921875
"1626",694,144,29090.912109375
"1627",694,146,8311.6904296875
"1628",694,156,8311.6904296875
"1629",694,158,677402.3125
"1630",694,184,12467.5361328125
"1631",694,193,4155.84326171875
"1632",694,199,41558.453125
"1633",694,369,4155.84326171875
"1634",694,524,4155.84326171875
"1635",694,534,436363.46875
"1636",694,664,4155.84326171875
"1637",694,686,4155.84326171875
"1638",746,111,78961.015625
"1639",746,112,951688.5625
"1640",746,132,12467.5361328125
"1641",746,134,29090.912109375
"1642",746,136,99740.2421875
"1643",746,138,12467.5361328125
"1644",746,144,12467.5361328125
"1645",746,156,4155.84326171875
"1646",746,158,120519.5
"1647",746,199,33246.76171875
"1648",746,534,249350.71875
"1649",746,564,8311.6904296875
